135.46	54.42	0	0
135.46	54.52	0	0
135.46	54.62	0	0
135.46	54.72	0	0
135.46	54.82	0	0
135.46	54.92	0	0
135.46	55.02	0	0
135.46	55.12	0	0
135.46	55.22	0	0
135.46	55.32	0	0
135.46	55.42	0	0
135.46	55.52	0	0
135.46	55.62	0	0
135.46	55.72	0	0
135.46	55.82	0	0
135.46	55.92	0	0
135.46	56.02	0	0
135.46	56.12	0	0
135.46	56.22	0	0
135.46	56.32	0	0
135.46	56.42	0	0
135.46	56.52	0	0
135.46	56.62	0	0
135.46	56.72	0	0
135.46	56.82	0	0
135.46	56.92	0	0
135.46	57.02	0	0
135.46	57.12	0	0
135.46	57.22	0	0
135.46	57.32	0	0
135.46	57.42	0	0
135.46	57.52	0	0
135.46	57.62	0	0
135.46	57.72	0	0
135.46	57.82	0	0
135.46	57.92	0	0
135.46	58.02	0	0
135.46	58.12	0	0
135.46	58.22	0	0
135.46	58.32	0	0
135.46	58.42	0	0
135.46	58.52	0	0
135.46	58.62	0	0
135.46	58.72	0	0
135.46	58.82	0	0
135.46	58.92	0	0
135.46	59.02	0	0
135.46	59.12	0	0
135.46	59.22	0	0
135.46	59.32	0	0
135.46	59.42	0	0
135.46	59.52	0	0
135.46	59.62	0	0
135.46	59.72	0	0
135.46	59.82	0	0
135.46	59.92	0	0
135.46	60.02	0	0
135.46	60.12	0	0
135.46	60.22	0	0
135.46	60.32	0	0
135.46	60.42	0	0
135.46	60.52	0	0
135.46	60.62	0	0
135.46	60.72	0	0
135.46	60.82	0	0
135.46	60.92	0	0
135.46	61.02	0	0
135.46	61.12	0	0
135.46	61.22	0	0
135.46	61.32	0	0
135.46	61.42	0	0
135.46	61.52	0	0
135.46	61.62	0	0
135.46	61.72	0	0
135.46	61.82	0	0
135.46	61.92	0	0
135.46	62.02	0	0
135.46	62.12	0	0
135.46	62.22	0	0
135.46	62.32	0	0
135.46	62.42	0	0
135.46	62.52	0	0
135.46	62.62	0	0
135.46	62.72	0	0
135.46	62.82	0	0
135.46	62.92	0	0
135.46	63.02	0	0
135.46	63.12	0	0
135.36	63.12	0	0
135.26	63.12	0	0
135.16	63.12	0	0
135.06	63.12	0	0
134.96	63.12	0	0
134.86	63.12	0	0
134.86	63.22	0	0
134.86	63.32	0	0
134.86	63.42	0	0
134.86	63.52	0	0
134.86	63.62	0	0
134.86	63.72	0	0
134.86	63.82	0	0
134.86	63.92	0	0
134.86	64.02	0	0
134.86	64.12	0	0
134.86	64.22	0	0
134.86	64.32	0	0
134.86	64.42	0	0
134.86	64.52	0	0
134.86	64.62	0	0
134.86	64.72	0	0
134.86	64.82	0	0
134.86	64.92	0	0
134.86	65.02	0	0
134.86	65.12	0	0
134.86	65.22	0	0
134.86	65.32	0	0
134.86	65.42	0	0
134.86	65.52	0	0
134.86	65.62	0	0
134.86	65.72	0	0
134.86	65.82	0	0
134.86	65.92	0	0
134.86	66.02	0	0
134.86	66.12	0	0
134.86	66.22	0	0
134.86	66.32	0	0
134.86	66.42	0	0
134.86	66.52	0	0
134.86	66.62	0	0
134.86	66.72	0	0
134.86	66.82	0	0
134.86	66.92	0	0
134.86	67.02	0	0
134.86	67.12	0	0
134.86	67.22	0	0
134.86	67.32	0	0
134.86	67.42	0	0
134.86	67.52	0	0
134.86	67.62	0	0
134.86	67.72	0	0
134.76	67.72	0	0
134.66	67.72	0	0
134.56	67.72	0	0
134.46	67.72	0	0
134.36	67.72	0	0
134.36	67.82	0	0
134.36	67.92	0	0
134.36	68.02	0	0
134.36	68.12	0	0
134.36	68.22	0	0
134.36	68.32	0	0
134.36	68.42	0	0
134.36	68.52	0	0
134.36	68.62	0	0
134.36	68.72	0	0
134.36	68.82	0	0
134.36	68.92	0	0
134.36	69.02	0	0
134.36	69.12	0	0
134.36	69.22	0	0
134.36	69.32	0	0
134.36	69.42	0	0
134.36	69.52	0	0
134.36	69.62	0	0
134.36	69.72	0	0
134.36	69.82	0	0
134.36	69.92	0	0
134.36	70.02	0	0
134.36	70.12	0	0
134.36	70.22	0	0
134.36	70.32	0	0
134.36	70.42	0	0
134.36	70.52	0	0
134.36	70.62	0	0
134.36	70.72	0	0
134.36	70.82	0	0
134.36	70.92	0	0
134.36	71.02	0	0
134.36	71.12	0	0
134.36	71.22	0	0
134.36	71.32	0	0
134.26	71.32	0	0
134.16	71.32	0	0
134.06	71.32	0	0
133.96	71.32	0	0
133.86	71.32	0	0
133.86	71.42	0	0
133.86	71.52	0	0
133.86	71.62	0	0
133.86	71.72	0	0
133.86	71.82	0	0
133.86	71.92	0	0
133.86	72.02	0	0
133.86	72.12	0	0
133.86	72.22	0	0
133.86	72.32	0	0
133.86	72.42	0	0
133.86	72.52	0	0
133.86	72.62	0	0
133.86	72.72	0	0
133.86	72.82	0	0
133.86	72.92	0	0
133.86	73.02	0	0
133.86	73.12	0	0
133.86	73.22	0	0
133.86	73.32	0	0
133.96	73.32	0	0
134.06	73.32	0	0
134.16	73.32	0	0
134.26	73.32	0	0
134.36	73.32	0	0
134.46	73.32	0	0
134.46	73.42	0	0
134.46	73.52	0	0
134.46	73.62	0	0
134.46	73.72	0	0
134.46	73.82	0	0
134.56	73.82	0	0
134.66	73.82	0	0
134.76	73.82	0	0
134.86	73.82	0	0
134.96	73.82	0	0
134.96	73.92	0	0
134.96	74.02	0	0
134.96	74.12	0	0
134.96	74.22	0	0
134.96	74.32	0	0
134.96	74.42	0	0
134.96	74.52	0	0
134.96	74.62	0	0
134.96	74.72	0	0
134.96	74.82	0	0
134.96	74.92	0	0
134.96	75.02	0	0
134.96	75.12	0	0
134.96	75.22	0	0
134.96	75.32	0	0
134.96	75.42	0	0
134.96	75.52	0	0
134.96	75.62	0	0
134.96	75.72	0	0
134.96	75.82	0	0
134.96	75.92	0	0
134.96	76.02	0	0
134.96	76.12	0	0
134.96	76.22	0	0
134.96	76.32	0	0
134.96	76.42	0	0
135.06	76.42	0	0
135.16	76.42	0	0
135.26	76.42	0	0
135.36	76.42	0	0
135.46	76.42	0	0
135.46	76.52	0	0
135.46	76.62	0	0
135.46	76.72	0	0
135.46	76.82	0	0
135.46	76.92	0	0
135.46	77.02	0	0
135.46	77.12	0	0
135.46	77.22	0	0
135.46	77.32	0	0
135.46	77.42	0	0
135.46	77.52	0	0
135.46	77.62	0	0
135.46	77.72	0	0
135.46	77.82	0	0
135.46	77.92	0	0
135.46	78.02	0	0
135.46	78.12	0	0
135.46	78.22	0	0
135.46	78.32	0	0
135.46	78.42	0	0
135.46	78.52	0	0
135.46	78.62	0	0
135.46	78.72	0	0
135.46	78.82	0	0
135.46	78.92	0	0
135.46	79.02	0	0
135.46	79.12	0	0
135.46	79.22	0	0
135.46	79.32	0	0
135.46	79.42	0	0
135.46	79.52	0	0
135.46	79.62	0	0
135.46	79.72	0	0
135.46	79.82	0	0
135.46	79.92	0	0
135.56	79.92	0	0
135.66	79.92	0	0
135.76	79.92	0	0
135.86	79.92	0	0
135.96	79.92	0	0
136.06	79.92	0	0
136.06	80.02	0	0
136.06	80.12	0	0
136.06	80.22	0	0
136.06	80.32	0	0
136.06	80.42	0	0
136.06	80.52	0	0
136.06	80.62	0	0
136.06	80.72	0	0
136.06	80.82	0	0
136.06	80.92	0	0
136.06	81.02	0	0
136.06	81.12	0	0
136.06	81.22	0	0
136.06	81.32	0	0
136.06	81.42	0	0
136.06	81.52	0	0
136.06	81.62	0	0
136.06	81.72	0	0
136.06	81.82	0	0
136.06	81.92	0	0
136.06	82.02	0	0
136.06	82.12	0	0
136.06	82.22	0	0
136.06	82.32	0	0
136.06	82.42	0	0
136.06	82.52	0	0
136.06	82.62	0	0
136.06	82.72	0	0
136.06	82.82	0	0
136.06	82.92	0	0
136.06	83.02	0	0
136.06	83.12	0	0
136.06	83.22	0	0
136.06	83.32	0	0
136.06	83.42	0	0
136.06	83.52	0	0
136.06	83.62	0	0
136.06	83.72	0	0
136.06	83.82	0	0
136.06	83.92	0	0
136.06	84.02	0	0
136.16	84.02	0	0
136.26	84.02	0	0
136.36	84.02	0	0
136.46	84.02	0	0
136.56	84.02	0	0
136.56	84.12	0	0
136.56	84.22	0	0
136.56	84.32	0	0
136.56	84.42	0	0
136.56	84.52	0	0
136.56	84.62	0	0
136.56	84.72	0	0
136.56	84.82	0	0
136.56	84.92	0	0
136.56	85.02	0	0
136.56	85.12	0	0
136.56	85.22	0	0
136.56	85.32	0	0
136.56	85.42	0	0
136.56	85.52	0	0
136.56	85.62	0	0
136.56	85.72	0	0
136.56	85.82	0	0
136.56	85.92	0	0
136.56	86.02	0	0
136.56	86.12	0	0
136.56	86.22	0	0
136.56	86.32	0	0
136.56	86.42	0	0
136.56	86.52	0	0
136.56	86.62	0	0
136.56	86.72	0	0
136.56	86.82	0	0
136.56	86.92	0	0
136.56	87.02	0	0
136.56	87.12	0	0
136.46	87.12	0	0
136.36	87.12	0	0
136.26	87.12	0	0
136.16	87.12	0	0
136.06	87.12	0	0
135.96	87.12	0	0
135.96	87.22	0	0
135.96	87.32	0	0
135.96	87.42	0	0
135.96	87.52	0	0
135.96	87.62	0	0
135.96	87.72	0	0
135.96	87.82	0	0
135.96	87.92	0	0
135.96	88.02	0	0
135.96	88.12	0	0
135.86	88.12	0	0
135.76	88.12	0	0
135.66	88.12	0	0
135.56	88.12	0	0
135.46	88.12	0	0
135.46	88.22	0	0
135.46	88.32	0	0
135.46	88.42	0	0
135.46	88.52	0	0
135.46	88.62	0	0
135.46	88.72	0	0
135.46	88.82	0	0
135.46	88.92	0	0
135.46	89.02	0	0
135.46	89.12	0	0
135.36	89.12	0	0
135.26	89.12	0	0
135.16	89.12	0	0
135.06	89.12	0	0
134.96	89.12	0	0
134.86	89.12	0	0
134.76	89.12	0	0
134.66	89.12	0	0
134.56	89.12	0	0
134.46	89.12	0	0
134.36	89.12	0	0
134.36	89.22	0	0
134.36	89.32	0	0
134.36	89.42	0	0
134.36	89.52	0	0
134.36	89.62	0	0
134.36	89.72	0	0
134.36	89.82	0	0
134.36	89.92	0	0
134.36	90.02	0	0
134.36	90.12	0	0
134.26	90.12	0	0
134.16	90.12	0	0
134.06	90.12	0	0
133.96	90.12	0	0
133.86	90.12	0	0
133.76	90.12	0	0
133.66	90.12	0	0
133.56	90.12	0	0
133.46	90.12	0	0
133.36	90.12	0	0
133.26	90.12	0	0
133.16	90.12	0	0
133.06	90.12	0	0
132.96	90.12	0	0
132.86	90.12	0	0
132.76	90.12	0	0
132.66	90.12	0	0
132.56	90.12	0	0
132.46	90.12	0	0
132.36	90.12	0	0
132.26	90.12	0	0
132.16	90.12	0	0
132.06	90.12	0	0
131.96	90.12	0	0
131.86	90.12	0	0
131.76	90.12	0	0
131.66	90.12	0	0
131.56	90.12	0	0
131.46	90.12	0	0
131.36	90.12	0	0
131.26	90.12	0	0
131.16	90.12	0	0
131.06	90.12	0	0
130.96	90.12	0	0
130.86	90.12	0	0
130.76	90.12	0	0
130.66	90.12	0	0
130.56	90.12	0	0
130.46	90.12	0	0
130.36	90.12	0	0
130.26	90.12	0	0
130.16	90.12	0	0
130.06	90.12	0	0
129.96	90.12	0	0
129.86	90.12	0	0
129.76	90.12	0	0
129.66	90.12	0	0
129.56	90.12	0	0
129.46	90.12	0	0
129.36	90.12	0	0
129.26	90.12	0	0
129.16	90.12	0	0
129.06	90.12	0	0
128.96	90.12	0	0
128.86	90.12	0	0
128.76	90.12	0	0
128.66	90.12	0	0
128.56	90.12	0	0
128.46	90.12	0	0
128.36	90.12	0	0
128.26	90.12	0	0
128.16	90.12	0	0
128.06	90.12	0	0
127.96	90.12	0	0
127.86	90.12	0	0
127.76	90.12	0	0
127.66	90.12	0	0
127.56	90.12	0	0
127.46	90.12	0	0
127.36	90.12	0	0
127.26	90.12	0	0
127.16	90.12	0	0
127.06	90.12	0	0
126.96	90.12	0	0
126.86	90.12	0	0
126.76	90.12	0	0
126.76	90.02	0	0
126.76	89.92	0	0
126.76	89.82	0	0
126.76	89.72	0	0
126.76	89.62	0	0
126.76	89.52	0	0
126.76	89.42	0	0
126.76	89.32	0	0
126.76	89.22	0	0
126.76	89.12	0	0
126.76	89.02	0	0
126.76	88.92	0	0
126.76	88.82	0	0
126.76	88.72	0	0
126.76	88.62	0	0
126.76	88.52	0	0
126.66	88.52	0	0
126.56	88.52	0	0
126.46	88.52	0	0
126.36	88.52	0	0
126.26	88.52	0	0
126.26	88.42	0	0
126.26	88.32	0	0
126.26	88.22	0	0
126.26	88.12	0	0
126.26	88.02	0	0
126.16	88.02	0	0
126.06	88.02	0	0
125.96	88.02	0	0
125.86	88.02	0	0
125.76	88.02	0	0
125.76	87.92	0	0
125.76	87.82	0	0
125.76	87.72	0	0
125.76	87.62	0	0
125.76	87.52	0	0
125.66	87.52	0	0
125.56	87.52	0	0
125.46	87.52	0	0
125.36	87.52	0	0
125.26	87.52	0	0
125.16	87.52	0	0
125.06	87.52	0	0
124.96	87.52	0	0
124.86	87.52	0	0
124.76	87.52	0	0
124.66	87.52	0	0
124.56	87.52	0	0
124.46	87.52	0	0
124.36	87.52	0	0
124.26	87.52	0	0
124.16	87.52	0	0
124.06	87.52	0	0
123.96	87.52	0	0
123.86	87.52	0	0
123.76	87.52	0	0
123.66	87.52	0	0
123.56	87.52	0	0
123.46	87.52	0	0
123.36	87.52	0	0
123.26	87.52	0	0
123.16	87.52	0	0
123.06	87.52	0	0
122.96	87.52	0	0
122.86	87.52	0	0
122.76	87.52	0	0
122.66	87.52	0	0
122.66	87.42	0	0
122.66	87.32	0	0
122.66	87.22	0	0
122.66	87.12	0	0
122.66	87.02	0	0
122.56	87.02	0	0
122.46	87.02	0	0
122.36	87.02	0	0
122.26	87.02	0	0
122.16	87.02	0	0
122.06	87.02	0	0
121.96	87.02	0	0
121.86	87.02	0	0
121.76	87.02	0	0
121.66	87.02	0	0
121.56	87.02	0	0
121.46	87.02	0	0
121.36	87.02	0	0
121.26	87.02	0	0
121.16	87.02	0	0
121.06	87.02	0	0
120.96	87.02	0	0
120.86	87.02	0	0
120.76	87.02	0	0
120.66	87.02	0	0
120.56	87.02	0	0
120.46	87.02	0	0
120.36	87.02	0	0
120.26	87.02	0	0
120.16	87.02	0	0
120.06	87.02	0	0
119.96	87.02	0	0
119.86	87.02	0	0
119.76	87.02	0	0
119.66	87.02	0	0
119.56	87.02	0	0
119.46	87.02	0	0
119.36	87.02	0	0
119.26	87.02	0	0
119.16	87.02	0	0
119.06	87.02	0	0
118.96	87.02	0	0
118.86	87.02	0	0
118.76	87.02	0	0
118.66	87.02	0	0
118.56	87.02	0	0
118.46	87.02	0	0
118.36	87.02	0	0
118.26	87.02	0	0
118.16	87.02	0	0
118.06	87.02	0	0
117.96	87.02	0	0
117.86	87.02	0	0
117.76	87.02	0	0
117.66	87.02	0	0
117.56	87.02	0	0
117.46	87.02	0	0
117.36	87.02	0	0
117.26	87.02	0	0
117.16	87.02	0	0
117.06	87.02	0	0
116.96	87.02	0	0
116.86	87.02	0	0
116.76	87.02	0	0
116.66	87.02	0	0
116.56	87.02	0	0
116.46	87.02	0	0
116.36	87.02	0	0
116.26	87.02	0	0
116.16	87.02	0	0
116.06	87.02	0	0
115.96	87.02	0	0
115.86	87.02	0	0
115.76	87.02	0	0
115.66	87.02	0	0
115.56	87.02	0	0
115.46	87.02	0	0
115.36	87.02	0	0
115.26	87.02	0	0
115.16	87.02	0	0
115.06	87.02	0	0
114.96	87.02	0	0
114.86	87.02	0	0
114.76	87.02	0	0
114.66	87.02	0	0
114.56	87.02	0	0
114.46	87.02	0	0
114.36	87.02	0	0
114.26	87.02	0	0
114.16	87.02	0	0
114.06	87.02	0	0
113.96	87.02	0	0
113.86	87.02	0	0
113.76	87.02	0	0
113.66	87.02	0	0
113.56	87.02	0	0
113.46	87.02	0	0
113.36	87.02	0	0
113.26	87.02	0	0
113.16	87.02	0	0
113.06	87.02	0	0
112.96	87.02	0	0
112.96	86.92	0	0
112.96	86.82	0	0
112.96	86.72	0	0
112.96	86.62	0	0
112.96	86.52	0	0
112.96	86.42	0	0
112.86	86.42	0	0
112.76	86.42	0	0
112.66	86.42	0	0
112.56	86.42	0	0
112.46	86.42	0	0
112.36	86.42	0	0
112.26	86.42	0	0
112.16	86.42	0	0
112.06	86.42	0	0
111.96	86.42	0	0
111.86	86.42	0	0
111.76	86.42	0	0
111.66	86.42	0	0
111.56	86.42	0	0
111.46	86.42	0	0
111.36	86.42	0	0
111.26	86.42	0	0
111.16	86.42	0	0
111.06	86.42	0	0
110.96	86.42	0	0
110.86	86.42	0	0
110.76	86.42	0	0
110.66	86.42	0	0
110.56	86.42	0	0
110.46	86.42	0	0
110.36	86.42	0	0
110.26	86.42	0	0
110.16	86.42	0	0
110.06	86.42	0	0
109.96	86.42	0	0
109.86	86.42	0	0
109.76	86.42	0	0
109.66	86.42	0	0
109.56	86.42	0	0
109.46	86.42	0	0
109.36	86.42	0	0
109.26	86.42	0	0
109.16	86.42	0	0
109.06	86.42	0	0
108.96	86.42	0	0
108.86	86.42	0	0
108.76	86.42	0	0
108.66	86.42	0	0
108.56	86.42	0	0
108.46	86.42	0	0
108.36	86.42	0	0
108.26	86.42	0	0
108.16	86.42	0	0
108.06	86.42	0	0
107.96	86.42	0	0
107.86	86.42	0	0
107.76	86.42	0	0
107.66	86.42	0	0
107.56	86.42	0	0
107.46	86.42	0	0
107.36	86.42	0	0
107.26	86.42	0	0
107.16	86.42	0	0
107.06	86.42	0	0
106.96	86.42	0	0
106.86	86.42	0	0
106.76	86.42	0	0
106.66	86.42	0	0
106.56	86.42	0	0
106.46	86.42	0	0
106.36	86.42	0	0
106.26	86.42	0	0
106.16	86.42	0	0
106.06	86.42	0	0
105.96	86.42	0	0
105.86	86.42	0	0
105.76	86.42	0	0
105.66	86.42	0	0
105.56	86.42	0	0
105.46	86.42	0	0
105.36	86.42	0	0
105.26	86.42	0	0
105.16	86.42	0	0
105.06	86.42	0	0
104.96	86.42	0	0
104.86	86.42	0	0
104.76	86.42	0	0
104.66	86.42	0	0
104.56	86.42	0	0
104.46	86.42	0	0
104.36	86.42	0	0
104.26	86.42	0	0
104.16	86.42	0	0
104.06	86.42	0	0
103.96	86.42	0	0
103.86	86.42	0	0
103.76	86.42	0	0
103.66	86.42	0	0
103.56	86.42	0	0
103.46	86.42	0	0
103.36	86.42	0	0
103.26	86.42	0	0
103.16	86.42	0	0
103.06	86.42	0	0
102.96	86.42	0	0
102.86	86.42	0	0
102.76	86.42	0	0
102.66	86.42	0	0
102.56	86.42	0	0
102.46	86.42	0	0
102.36	86.42	0	0
102.26	86.42	0	0
102.16	86.42	0	0
102.06	86.42	0	0
101.96	86.42	0	0
101.86	86.42	0	0
101.76	86.42	0	0
101.66	86.42	0	0
101.56	86.42	0	0
101.46	86.42	0	0
101.36	86.42	0	0
101.26	86.42	0	0
101.16	86.42	0	0
101.06	86.42	0	0
100.96	86.42	0	0
100.86	86.42	0	0
100.76	86.42	0	0
100.66	86.42	0	0
100.56	86.42	0	0
100.46	86.42	0	0
100.36	86.42	0	0
100.26	86.42	0	0
100.16	86.42	0	0
100.06	86.42	0	0
99.958	86.42	0	0
99.858	86.42	0	0
99.758	86.42	0	0
99.658	86.42	0	0
99.558	86.42	0	0
99.458	86.42	0	0
99.358	86.42	0	0
99.258	86.42	0	0
99.158	86.42	0	0
99.058	86.42	0	0
98.958	86.42	0	0
98.858	86.42	0	0
98.758	86.42	0	0
98.658	86.42	0	0
98.558	86.42	0	0
98.458	86.42	0	0
98.358	86.42	0	0
98.258	86.42	0	0
98.158	86.42	0	0
98.058	86.42	0	0
97.958	86.42	0	0
97.858	86.42	0	0
97.758	86.42	0	0
97.658	86.42	0	0
97.558	86.42	0	0
97.458	86.42	0	0
97.358	86.42	0	0
97.258	86.42	0	0
97.158	86.42	0	0
97.058	86.42	0	0
96.958	86.42	0	0
96.858	86.42	0	0
96.758	86.42	0	0
96.658	86.42	0	0
96.558	86.42	0	0
96.458	86.42	0	0
96.358	86.42	0	0
96.258	86.42	0	0
96.158	86.42	0	0
96.058	86.42	0	0
95.958	86.42	0	0
95.858	86.42	0	0
95.758	86.42	0	0
95.658	86.42	0	0
95.658	86.32	0	0
95.658	86.22	0	0
95.658	86.12	0	0
95.658	86.02	0	0
95.658	85.92	0	0
95.558	85.92	0	0
95.458	85.92	0	0
95.358	85.92	0	0
95.258	85.92	0	0
95.158	85.92	0	0
95.058	85.92	0	0
94.958	85.92	0	0
94.858	85.92	0	0
94.758	85.92	0	0
94.658	85.92	0	0
94.558	85.92	0	0
94.458	85.92	0	0
94.358	85.92	0	0
94.258	85.92	0	0
94.158	85.92	0	0
94.058	85.92	0	0
93.958	85.92	0	0
93.858	85.92	0	0
93.758	85.92	0	0
93.658	85.92	0	0
93.558	85.92	0	0
93.458	85.92	0	0
93.358	85.92	0	0
93.258	85.92	0	0
93.158	85.92	0	0
93.058	85.92	0	0
92.958	85.92	0	0
92.858	85.92	0	0
92.758	85.92	0	0
92.658	85.92	0	0
92.558	85.92	0	0
92.458	85.92	0	0
92.358	85.92	0	0
92.258	85.92	0	0
92.158	85.92	0	0
92.058	85.92	0	0
91.958	85.92	0	0
91.858	85.92	0	0
91.758	85.92	0	0
91.658	85.92	0	0
91.558	85.92	0	0
91.458	85.92	0	0
91.358	85.92	0	0
91.258	85.92	0	0
91.158	85.92	0	0
91.058	85.92	0	0
90.958	85.92	0	0
90.858	85.92	0	0
90.758	85.92	0	0
90.658	85.92	0	0
90.558	85.92	0	0
90.458	85.92	0	0
90.358	85.92	0	0
90.258	85.92	0	0
90.158	85.92	0	0
90.058	85.92	0	0
89.958	85.92	0	0
89.858	85.92	0	0
89.758	85.92	0	0
89.658	85.92	0	0
89.558	85.92	0	0
89.458	85.92	0	0
89.358	85.92	0	0
89.258	85.92	0	0
89.158	85.92	0	0
89.058	85.92	0	0
88.958	85.92	0	0
88.858	85.92	0	0
88.758	85.92	0	0
88.658	85.92	0	0
88.558	85.92	0	0
88.458	85.92	0	0
88.358	85.92	0	0
88.258	85.92	0	0
88.158	85.92	0	0
88.058	85.92	0	0
87.958	85.92	0	0
87.858	85.92	0	0
87.758	85.92	0	0
87.658	85.92	0	0
87.558	85.92	0	0
87.458	85.92	0	0
87.358	85.92	0	0
87.258	85.92	0	0
87.158	85.92	0	0
87.058	85.92	0	0
86.958	85.92	0	0
86.858	85.92	0	0
86.758	85.92	0	0
86.658	85.92	0	0
86.558	85.92	0	0
86.458	85.92	0	0
86.358	85.92	0	0
86.258	85.92	0	0
86.158	85.92	0	0
86.058	85.92	0	0
85.958	85.92	0	0
85.858	85.92	0	0
85.758	85.92	0	0
85.658	85.92	0	0
85.558	85.92	0	0
85.458	85.92	0	0
85.358	85.92	0	0
85.258	85.92	0	0
85.158	85.92	0	0
85.058	85.92	0	0
84.958	85.92	0	0
84.858	85.92	0	0
84.758	85.92	0	0
84.658	85.92	0	0
84.558	85.92	0	0
84.458	85.92	0	0
84.358	85.92	0	0
84.258	85.92	0	0
84.158	85.92	0	0
84.058	85.92	0	0
83.958	85.92	0	0
83.858	85.92	0	0
83.758	85.92	0	0
83.658	85.92	0	0
83.558	85.92	0	0
83.458	85.92	0	0
83.358	85.92	0	0
83.258	85.92	0	0
83.158	85.92	0	0
83.058	85.92	0	0
82.958	85.92	0	0
82.858	85.92	0	0
82.758	85.92	0	0
82.658	85.92	0	0
82.558	85.92	0	0
82.458	85.92	0	0
82.358	85.92	0	0
82.258	85.92	0	0
82.158	85.92	0	0
82.058	85.92	0	0
81.958	85.92	0	0
81.858	85.92	0	0
81.758	85.92	0	0
81.658	85.92	0	0
81.558	85.92	0	0
81.458	85.92	0	0
81.358	85.92	0	0
81.258	85.92	0	0
81.158	85.92	0	0
81.058	85.92	0	0
80.958	85.92	0	0
80.858	85.92	0	0
80.758	85.92	0	0
80.658	85.92	0	0
80.558	85.92	0	0
80.458	85.92	0	0
80.358	85.92	0	0
80.258	85.92	0	0
80.158	85.92	0	0
80.058	85.92	0	0
79.958	85.92	0	0
79.858	85.92	0	0
79.758	85.92	0	0
79.658	85.92	0	0
79.558	85.92	0	0
79.458	85.92	0	0
79.358	85.92	0	0
79.258	85.92	0	0
79.158	85.92	0	0
79.058	85.92	0	0
78.958	85.92	0	0
78.858	85.92	0	0
78.758	85.92	0	0
78.658	85.92	0	0
78.558	85.92	0	0
78.458	85.92	0	0
78.358	85.92	0	0
78.258	85.92	0	0
78.158	85.92	0	0
78.058	85.92	0	0
77.958	85.92	0	0
77.858	85.92	0	0
77.758	85.92	0	0
77.658	85.92	0	0
77.558	85.92	0	0
77.458	85.92	0	0
77.358	85.92	0	0
77.258	85.92	0	0
77.158	85.92	0	0
77.058	85.92	0	0
76.958	85.92	0	0
76.858	85.92	0	0
76.758	85.92	0	0
76.658	85.92	0	0
76.558	85.92	0	0
76.458	85.92	0	0
76.358	85.92	0	0
76.258	85.92	0	0
76.158	85.92	0	0
76.058	85.92	0	0
75.958	85.92	0	0
75.858	85.92	0	0
75.758	85.92	0	0
75.758	86.02	0	0
75.758	86.12	0	0
75.758	86.22	0	0
75.758	86.32	0	0
75.758	86.42	0	0
75.758	86.52	0	0
75.658	86.52	0	0
75.558	86.52	0	0
75.458	86.52	0	0
75.358	86.52	0	0
75.358	86.62	0	0
75.358	86.72	0	0
75.358	86.82	0	0
75.358	86.92	0	0
75.358	87.02	0	0
75.358	87.12	0	0
75.358	87.22	0	0
75.358	87.32	0	0
75.358	87.42	0	0
75.358	87.52	0	0
75.358	87.62	0	0
75.258	87.62	0	0
75.158	87.62	0	0
75.058	87.62	0	0
74.958	87.62	0	0
74.858	87.62	0	0
74.758	87.62	0	0
74.758	87.72	0	0
74.758	87.82	0	0
74.758	87.92	0	0
74.758	88.02	0	0
74.758	88.12	0	0
74.758	88.22	0	0
74.758	88.32	0	0
74.758	88.42	0	0
74.758	88.52	0	0
74.758	88.62	0	0
74.758	88.72	0	0
74.758	88.82	0	0
74.758	88.92	0	0
74.758	89.02	0	0
74.758	89.12	0	0
74.758	89.22	0	0
74.758	89.32	0	0
74.758	89.42	0	0
74.758	89.52	0	0
74.758	89.62	0	0
74.758	89.72	0	0
74.758	89.82	0	0
74.758	89.92	0	0
74.758	90.02	0	0
74.758	90.12	0	0
74.758	90.22	0	0
74.758	90.32	0	0
74.758	90.42	0	0
74.758	90.52	0	0
74.758	90.62	0	0
74.658	90.62	0	0
74.558	90.62	0	0
74.458	90.62	0	0
74.358	90.62	0	0
74.258	90.62	0	0
74.258	90.72	0	0
74.258	90.82	0	0
74.258	90.92	0	0
74.258	91.02	0	0
74.258	91.12	0	0
74.258	91.22	0	0
74.258	91.32	0	0
74.258	91.42	0	0
74.258	91.52	0	0
74.258	91.62	0	0
74.258	91.72	0	0
74.258	91.82	0	0
74.258	91.92	0	0
74.258	92.02	0	0
74.258	92.12	0	0
74.258	92.22	0	0
74.258	92.32	0	0
74.258	92.42	0	0
74.258	92.52	0	0
74.258	92.62	0	0
74.258	92.72	0	0
74.258	92.82	0	0
74.258	92.92	0	0
74.258	93.02	0	0
74.258	93.12	0	0
74.258	93.22	0	0
74.258	93.32	0	0
74.258	93.42	0	0
74.258	93.52	0	0
74.258	93.62	0	0
74.258	93.72	0	0
74.258	93.82	0	0
74.258	93.92	0	0
74.258	94.02	0	0
74.258	94.12	0	0
74.258	94.22	0	0
74.258	94.32	0	0
74.258	94.42	0	0
74.258	94.52	0	0
74.258	94.62	0	0
74.258	94.72	0	0
74.158	94.72	0	0
74.058	94.72	0	0
73.958	94.72	0	0
73.858	94.72	0	0
73.758	94.72	0	0
73.758	94.82	0	0
73.758	94.92	0	0
73.758	95.02	0	0
73.758	95.12	0	0
73.758	95.22	0	0
73.758	95.32	0	0
73.758	95.42	0	0
73.758	95.52	0	0
73.758	95.62	0	0
73.758	95.72	0	0
73.758	95.82	0	0
73.758	95.92	0	0
73.758	96.02	0	0
73.758	96.12	0	0
73.758	96.22	0	0
73.758	96.32	0	0
73.758	96.42	0	0
73.758	96.52	0	0
73.758	96.62	0	0
73.758	96.72	0	0
73.758	96.82	0	0
73.758	96.92	0	0
73.758	97.02	0	0
73.758	97.12	0	0
73.758	97.22	0	0
73.758	97.32	0	0
73.758	97.42	0	0
73.758	97.52	0	0
73.758	97.62	0	0
73.758	97.72	0	0
73.758	97.82	0	0
73.758	97.92	0	0
73.758	98.02	0	0
73.758	98.12	0	0
73.758	98.22	0	0
73.758	98.32	0	0
73.758	98.42	0	0
73.758	98.52	0	0
73.758	98.62	0	0
73.758	98.72	0	0
73.758	98.82	0	0
73.758	98.92	0	0
73.758	99.02	0	0
73.758	99.12	0	0
73.758	99.22	0	0
73.758	99.32	0	0
73.758	99.42	0	0
73.758	99.52	0	0
73.758	99.62	0	0
73.758	99.72	0	0
73.758	99.82	0	0
73.758	99.92	0	0
73.758	100.02	0	0
73.758	100.12	0	0
73.758	100.22	0	0
73.758	100.32	0	0
73.758	100.42	0	0
73.758	100.52	0	0
73.758	100.62	0	0
73.758	100.72	0	0
73.758	100.82	0	0
73.758	100.92	0	0
73.758	101.02	0	0
73.758	101.12	0	0
73.758	101.22	0	0
73.758	101.32	0	0
73.758	101.42	0	0
73.758	101.52	0	0
73.758	101.62	0	0
73.758	101.72	0	0
73.758	101.82	0	0
73.758	101.92	0	0
73.758	102.02	0	0
73.758	102.12	0	0
73.758	102.22	0	0
73.758	102.32	0	0
73.758	102.42	0	0
73.758	102.52	0	0
73.758	102.62	0	0
73.758	102.72	0	0
73.758	102.82	0	0
73.758	102.92	0	0
73.758	103.02	0	0
73.758	103.12	0	0
73.758	103.22	0	0
73.758	103.32	0	0
73.758	103.42	0	0
73.758	103.52	0	0
73.758	103.62	0	0
73.758	103.72	0	0
73.758	103.82	0	0
73.758	103.92	0	0
73.758	104.02	0	0
73.758	104.12	0	0
73.758	104.22	0	0
73.758	104.32	0	0
73.758	104.42	0	0
73.758	104.52	0	0
73.758	104.62	0	0
73.758	104.72	0	0
73.758	104.82	0	0
73.758	104.92	0	0
73.758	105.02	0	0
73.758	105.12	0	0
73.758	105.22	0	0
73.758	105.32	0	0
73.758	105.42	0	0
73.758	105.52	0	0
73.758	105.62	0	0
73.758	105.72	0	0
73.758	105.82	0	0
73.758	105.92	0	0
73.758	106.02	0	0
73.758	106.12	0	0
73.758	106.22	0	0
73.758	106.32	0	0
73.758	106.42	0	0
73.758	106.52	0	0
73.758	106.62	0	0
73.758	106.72	0	0
73.758	106.82	0	0
73.758	106.92	0	0
73.758	107.02	0	0
73.758	107.12	0	0
73.758	107.22	0	0
73.758	107.32	0	0
73.758	107.42	0	0
73.758	107.52	0	0
73.758	107.62	0	0
73.758	107.72	0	0
73.758	107.82	0	0
73.758	107.92	0	0
73.758	108.02	0	0
73.758	108.12	0	0
73.758	108.22	0	0
73.758	108.32	0	0
73.758	108.42	0	0
73.758	108.52	0	0
73.758	108.62	0	0
73.758	108.72	0	0
73.758	108.82	0	0
73.758	108.92	0	0
73.758	109.02	0	0
73.758	109.12	0	0
73.758	109.22	0	0
73.758	109.32	0	0
73.758	109.42	0	0
73.758	109.52	0	0
73.758	109.62	0	0
73.758	109.72	0	0
73.758	109.82	0	0
73.758	109.92	0	0
73.758	110.02	0	0
73.758	110.12	0	0
73.758	110.22	0	0
73.758	110.32	0	0
73.758	110.42	0	0
73.758	110.52	0	0
73.758	110.62	0	0
73.758	110.72	0	0
73.758	110.82	0	0
73.758	110.92	0	0
73.758	111.02	0	0
73.858	111.02	0	0
73.958	111.02	0	0
74.058	111.02	0	0
74.158	111.02	0	0
74.258	111.02	0	0
74.358	111.02	0	0
74.358	111.12	0	0
74.358	111.22	0	0
74.358	111.32	0	0
74.358	111.42	0	0
74.358	111.52	0	0
74.358	111.62	0	0
74.358	111.72	0	0
74.358	111.82	0	0
74.358	111.92	0	0
74.358	112.02	0	0
74.358	112.12	0	0
74.358	112.22	0	0
74.358	112.32	0	0
74.358	112.42	0	0
74.358	112.52	0	0
74.358	112.62	0	0
74.358	112.72	0	0
74.358	112.82	0	0
74.358	112.92	0	0
74.358	113.02	0	0
74.358	113.12	0	0
74.358	113.22	0	0
74.358	113.32	0	0
74.358	113.42	0	0
74.358	113.52	0	0
74.358	113.62	0	0
74.358	113.72	0	0
74.358	113.82	0	0
74.358	113.92	0	0
74.358	114.02	0	0
74.358	114.12	0	0
74.358	114.22	0	0
74.358	114.32	0	0
74.358	114.42	0	0
74.358	114.52	0	0
74.358	114.62	0	0
74.358	114.72	0	0
74.358	114.82	0	0
74.358	114.92	0	0
74.358	115.02	0	0
74.358	115.12	0	0
74.358	115.22	0	0
74.358	115.32	0	0
74.358	115.42	0	0
74.358	115.52	0	0
74.358	115.62	0	0
74.358	115.72	0	0
74.358	115.82	0	0
74.358	115.92	0	0
74.358	116.02	0	0
74.358	116.12	0	0
74.358	116.22	0	0
74.358	116.32	0	0
74.358	116.42	0	0
74.358	116.52	0	0
74.358	116.62	0	0
74.358	116.72	0	0
74.358	116.82	0	0
74.358	116.92	0	0
74.358	117.02	0	0
74.358	117.12	0	0
74.358	117.22	0	0
74.358	117.32	0	0
74.358	117.42	0	0
74.358	117.52	0	0
74.358	117.62	0	0
74.358	117.72	0	0
74.358	117.82	0	0
74.358	117.92	0	0
74.358	118.02	0	0
74.358	118.12	0	0
74.458	118.12	0	0
74.558	118.12	0	0
74.658	118.12	0	0
74.758	118.12	0	0
74.858	118.12	0	0
74.858	118.22	0	0
74.858	118.32	0	0
74.858	118.42	0	0
74.858	118.52	0	0
74.858	118.62	0	0
74.858	118.72	0	0
74.858	118.82	0	0
74.858	118.92	0	0
74.858	119.02	0	0
74.858	119.12	0	0
74.858	119.22	0	0
74.858	119.32	0	0
74.858	119.42	0	0
74.858	119.52	0	0
74.858	119.62	0	0
74.858	119.72	0	0
74.958	119.72	0	0
75.058	119.72	0	0
75.158	119.72	0	0
75.258	119.72	0	0
75.358	119.72	0	0
75.458	119.72	0	0
75.458	119.82	0	0
75.458	119.92	0	0
75.458	120.02	0	0
75.458	120.12	0	0
75.458	120.22	0	0
75.458	120.32	0	0
75.458	120.42	0	0
75.458	120.52	0	0
75.458	120.62	0	0
75.458	120.72	0	0
75.558	120.72	0	0
75.658	120.72	0	0
75.758	120.72	0	0
75.858	120.72	0	0
75.858	120.82	0	0
75.858	120.92	0	0
75.858	121.02	0	0
75.858	121.12	0	0
75.858	121.22	0	0
75.958	121.22	0	0
76.058	121.22	0	0
76.158	121.22	0	0
76.258	121.22	0	0
76.358	121.22	0	0
76.458	121.22	0	0
76.458	121.32	0	0
76.458	121.42	0	0
76.458	121.52	0	0
76.458	121.62	0	0
76.458	121.72	0	0
76.458	121.82	0	0
76.458	121.92	0	0
76.458	122.02	0	0
76.458	122.12	0	0
76.458	122.22	0	0
76.558	122.22	0	0
76.658	122.22	0	0
76.758	122.22	0	0
76.858	122.22	0	0
76.958	122.22	0	0
76.958	122.32	0	0
76.958	122.42	0	0
76.958	122.52	0	0
76.958	122.62	0	0
76.958	122.72	0	0
76.958	122.82	0	0
76.958	122.92	0	0
76.958	123.02	0	0
76.958	123.12	0	0
76.958	123.22	0	0
76.958	123.32	0	0
76.958	123.42	0	0
76.958	123.52	0	0
76.958	123.62	0	0
76.958	123.72	0	0
76.958	123.82	0	0
76.958	123.92	0	0
76.958	124.02	0	0
76.958	124.12	0	0
76.958	124.22	0	0
76.958	124.32	0	0
76.958	124.42	0	0
76.958	124.52	0	0
76.958	124.62	0	0
76.958	124.72	0	0
76.958	124.82	0	0
76.958	124.92	0	0
76.958	125.02	0	0
76.958	125.12	0	0
76.958	125.22	0	0
76.958	125.32	0	0
76.958	125.42	0	0
76.958	125.52	0	0
76.958	125.62	0	0
76.958	125.72	0	0
76.958	125.82	0	0
76.958	125.92	0	0
76.958	126.02	0	0
76.958	126.12	0	0
76.958	126.22	0	0
76.958	126.32	0	0
76.958	126.42	0	0
76.958	126.52	0	0
76.958	126.62	0	0
76.958	126.72	0	0
76.958	126.82	0	0
76.958	126.92	0	0
76.958	127.02	0	0
76.958	127.12	0	0
76.958	127.22	0	0
76.958	127.32	0	0
76.958	127.42	0	0
76.958	127.52	0	0
76.958	127.62	0	0
76.958	127.72	0	0
76.958	127.82	0	0
76.958	127.92	0	0
76.958	128.02	0	0
76.958	128.12	0	0
76.958	128.22	0	0
76.958	128.32	0	0
76.958	128.42	0	0
76.958	128.52	0	0
76.958	128.62	0	0
76.958	128.72	0	0
76.958	128.82	0	0
77.058	128.82	0	0
77.158	128.82	0	0
77.258	128.82	0	0
77.358	128.82	0	0
77.458	128.82	0	0
77.458	128.92	0	0
77.458	129.02	0	0
77.458	129.12	0	0
77.458	129.22	0	0
77.458	129.32	0	0
77.458	129.42	0	0
77.458	129.52	0	0
77.458	129.62	0	0
77.458	129.72	0	0
77.458	129.82	0	0
77.558	129.82	0	0
77.658	129.82	0	0
77.758	129.82	0	0
77.858	129.82	0	0
77.958	129.82	0	0
77.958	129.92	0	0
77.958	130.02	0	0
77.958	130.12	0	0
77.958	130.22	0	0
77.958	130.32	0	0
77.958	130.42	0	0
77.958	130.52	0	0
77.958	130.62	0	0
77.958	130.72	0	0
77.958	130.82	0	0
77.958	130.92	0	0
77.958	131.02	0	0
77.958	131.12	0	0
77.958	131.22	0	0
77.958	131.32	0	0
77.958	131.42	0	0
77.958	131.52	0	0
77.958	131.62	0	0
77.958	131.72	0	0
77.958	131.82	0	0
77.958	131.92	0	0
78.058	131.92	0	0
78.158	131.92	0	0
78.258	131.92	0	0
78.358	131.92	0	0
78.458	131.92	0	0
78.458	132.02	0	0
78.458	132.12	0	0
78.458	132.22	0	0
78.458	132.32	0	0
78.458	132.42	0	0
78.458	132.52	0	0
78.458	132.62	0	0
78.458	132.72	0	0
78.458	132.82	0	0
78.458	132.92	0	0
78.458	133.02	0	0
78.458	133.12	0	0
78.458	133.22	0	0
78.458	133.32	0	0
78.458	133.42	0	0
78.458	133.52	0	0
78.458	133.62	0	0
78.458	133.72	0	0
78.458	133.82	0	0
78.458	133.92	0	0
78.458	134.02	0	0
78.458	134.12	0	0
78.458	134.22	0	0
78.458	134.32	0	0
78.458	134.42	0	0
78.358	134.42	0	0
78.258	134.42	0	0
78.158	134.42	0	0
78.058	134.42	0	0
77.958	134.42	0	0
77.858	134.42	0	0
77.758	134.42	0	0
77.658	134.42	0	0
77.558	134.42	0	0
77.458	134.42	0	0
77.358	134.42	0	0
77.258	134.42	0	0
77.158	134.42	0	0
77.058	134.42	0	0
76.958	134.42	0	0
76.858	134.42	0	0
76.758	134.42	0	0
76.658	134.42	0	0
76.558	134.42	0	0
76.458	134.42	0	0
76.358	134.42	0	0
76.358	134.52	0	0
76.358	134.62	0	0
76.358	134.72	0	0
76.358	134.82	0	0
76.358	134.92	0	0
76.358	135.02	0	0
76.358	135.12	0	0
76.358	135.22	0	0
76.358	135.32	0	0
76.358	135.42	0	0
76.358	135.52	0	0
76.258	135.52	0	0
76.158	135.52	0	0
76.058	135.52	0	0
75.958	135.52	0	0
75.858	135.52	0	0
75.758	135.52	0	0
75.758	135.62	0	0
75.758	135.72	0	0
75.758	135.82	0	0
75.758	135.92	0	0
75.758	136.02	0	0
75.758	136.12	0	0
75.758	136.22	0	0
75.758	136.32	0	0
75.758	136.42	0	0
75.758	136.52	0	0
75.758	136.62	0	0
75.758	136.72	0	0
75.758	136.82	0	0
75.758	136.92	0	0
75.758	137.02	0	0
75.758	137.12	0	0
75.758	137.22	0	0
75.758	137.32	0	0
75.758	137.42	0	0
75.758	137.52	0	0
75.758	137.62	0	0
75.758	137.72	0	0
75.758	137.82	0	0
75.758	137.92	0	0
75.758	138.02	0	0
75.758	138.12	0	0
75.758	138.22	0	0
75.758	138.32	0	0
75.758	138.42	0	0
75.758	138.52	0	0
75.658	138.52	0	0
75.558	138.52	0	0
75.458	138.52	0	0
75.358	138.52	0	0
75.358	138.62	0	0
75.358	138.72	0	0
75.358	138.82	0	0
75.358	138.92	0	0
75.358	139.02	0	0
75.358	139.12	0	0
75.358	139.22	0	0
75.358	139.32	0	0
75.358	139.42	0	0
75.358	139.52	0	0
75.358	139.62	0	0
75.358	139.72	0	0
75.358	139.82	0	0
75.358	139.92	0	0
75.358	140.02	0	0
75.358	140.12	0	0
75.358	140.22	0	0
75.358	140.32	0	0
75.358	140.42	0	0
75.358	140.52	0	0
75.358	140.62	0	0
75.358	140.72	0	0
75.358	140.82	0	0
75.358	140.92	0	0
75.358	141.02	0	0
75.358	141.12	0	0
75.358	141.22	0	0
75.358	141.32	0	0
75.358	141.42	0	0
75.358	141.52	0	0
75.358	141.62	0	0
75.358	141.72	0	0
75.358	141.82	0	0
75.358	141.92	0	0
75.358	142.02	0	0
75.358	142.12	0	0
75.358	142.22	0	0
75.358	142.32	0	0
75.358	142.42	0	0
75.358	142.52	0	0
75.358	142.62	0	0
75.358	142.72	0	0
75.358	142.82	0	0
75.358	142.92	0	0
75.358	143.02	0	0
75.358	143.12	0	0
75.358	143.22	0	0
75.358	143.32	0	0
75.358	143.42	0	0
75.358	143.52	0	0
75.358	143.62	0	0
75.358	143.72	0	0
75.358	143.82	0	0
75.358	143.92	0	0
75.358	144.02	0	0
75.358	144.12	0	0
75.358	144.22	0	0
75.358	144.32	0	0
75.358	144.42	0	0
75.358	144.52	0	0
75.358	144.62	0	0
75.358	144.72	0	0
75.358	144.82	0	0
75.358	144.92	0	0
75.358	145.02	0	0
75.358	145.12	0	0
75.358	145.22	0	0
75.358	145.32	0	0
75.358	145.42	0	0
75.358	145.52	0	0
75.358	145.62	0	0
75.358	145.72	0	0
75.358	145.82	0	0
75.358	145.92	0	0
75.358	146.02	0	0
75.358	146.12	0	0
75.358	146.22	0	0
75.358	146.32	0	0
75.358	146.42	0	0
75.358	146.52	0	0
75.358	146.62	0	0
75.358	146.72	0	0
75.258	146.72	0	0
75.158	146.72	0	0
75.058	146.72	0	0
74.958	146.72	0	0
74.858	146.72	0	0
74.758	146.72	0	0
74.758	146.82	0	0
74.758	146.92	0	0
74.758	147.02	0	0
74.758	147.12	0	0
74.758	147.22	0	0
74.758	147.32	0	0
74.758	147.42	0	0
74.758	147.52	0	0
74.758	147.62	0	0
74.758	147.72	0	0
74.758	147.82	0	0
74.758	147.92	0	0
74.758	148.02	0	0
74.758	148.12	0	0
74.758	148.22	0	0
74.758	148.32	0	0
74.758	148.42	0	0
74.758	148.52	0	0
74.758	148.62	0	0
74.758	148.72	0	0
74.758	148.82	0	0
74.758	148.92	0	0
74.758	149.02	0	0
74.758	149.12	0	0
74.758	149.22	0	0
74.858	149.22	0	0
74.958	149.22	0	0
75.058	149.22	0	0
75.158	149.22	0	0
75.258	149.22	0	0
75.358	149.22	0	0
75.458	149.22	0	0
