135.98	55.465	0	0
135.98	55.565	0	0
135.98	55.665	0	0
135.98	55.765	0	0
135.98	55.865	0	0
135.98	55.965	0	0
135.98	56.065	0	0
135.98	56.165	0	0
135.98	56.265	0	0
135.98	56.365	0	0
135.98	56.465	0	0
135.98	56.565	0	0
135.98	56.665	0	0
135.98	56.765	0	0
135.98	56.865	0	0
135.98	56.965	0	0
135.98	57.065	0	0
135.98	57.165	0	0
135.98	57.265	0	0
135.98	57.365	0	0
135.98	57.465	0	0
135.98	57.565	0	0
135.98	57.665	0	0
135.98	57.765	0	0
135.98	57.865	0	0
135.98	57.965	0	0
135.98	58.065	0	0
135.98	58.165	0	0
135.98	58.265	0	0
135.98	58.365	0	0
135.98	58.465	0	0
135.98	58.565	0	0
135.98	58.665	0	0
135.98	58.765	0	0
135.98	58.865	0	0
135.98	58.965	0	0
135.98	59.065	0	0
135.88	59.065	0	0
135.78	59.065	0	0
135.68	59.065	0	0
135.58	59.065	0	0
135.48	59.065	0	0
135.38	59.065	0	0
135.38	59.165	0	0
135.38	59.265	0	0
135.38	59.365	0	0
135.38	59.465	0	0
135.38	59.565	0	0
135.38	59.665	0	0
135.38	59.765	0	0
135.38	59.865	0	0
135.38	59.965	0	0
135.38	60.065	0	0
135.38	60.165	0	0
135.38	60.265	0	0
135.38	60.365	0	0
135.38	60.465	0	0
135.38	60.565	0	0
135.38	60.665	0	0
135.38	60.765	0	0
135.38	60.865	0	0
135.38	60.965	0	0
135.38	61.065	0	0
135.38	61.165	0	0
135.38	61.265	0	0
135.38	61.365	0	0
135.38	61.465	0	0
135.38	61.565	0	0
135.38	61.665	0	0
135.38	61.765	0	0
135.38	61.865	0	0
135.38	61.965	0	0
135.38	62.065	0	0
135.38	62.165	0	0
135.38	62.265	0	0
135.38	62.365	0	0
135.38	62.465	0	0
135.38	62.565	0	0
135.38	62.665	0	0
135.38	62.765	0	0
135.38	62.865	0	0
135.38	62.965	0	0
135.38	63.065	0	0
135.38	63.165	0	0
135.38	63.265	0	0
135.38	63.365	0	0
135.38	63.465	0	0
135.38	63.565	0	0
135.38	63.665	0	0
135.38	63.765	0	0
135.38	63.865	0	0
135.38	63.965	0	0
135.38	64.065	0	0
135.38	64.165	0	0
135.28	64.165	0	0
135.18	64.165	0	0
135.08	64.165	0	0
134.98	64.165	0	0
134.88	64.165	0	0
134.88	64.265	0	0
134.88	64.365	0	0
134.88	64.465	0	0
134.88	64.565	0	0
134.88	64.665	0	0
134.88	64.765	0	0
134.88	64.865	0	0
134.88	64.965	0	0
134.88	65.065	0	0
134.88	65.165	0	0
134.78	65.165	0	0
134.68	65.165	0	0
134.58	65.165	0	0
134.48	65.165	0	0
134.38	65.165	0	0
134.38	65.265	0	0
134.38	65.365	0	0
134.38	65.465	0	0
134.38	65.565	0	0
134.38	65.665	0	0
134.38	65.765	0	0
134.38	65.865	0	0
134.38	65.965	0	0
134.38	66.065	0	0
134.38	66.165	0	0
134.38	66.265	0	0
134.38	66.365	0	0
134.38	66.465	0	0
134.38	66.565	0	0
134.38	66.665	0	0
134.38	66.765	0	0
134.38	66.865	0	0
134.38	66.965	0	0
134.38	67.065	0	0
134.38	67.165	0	0
134.38	67.265	0	0
134.38	67.365	0	0
134.38	67.465	0	0
134.38	67.565	0	0
134.38	67.665	0	0
134.38	67.765	0	0
134.38	67.865	0	0
134.38	67.965	0	0
134.38	68.065	0	0
134.38	68.165	0	0
134.38	68.265	0	0
134.38	68.365	0	0
134.38	68.465	0	0
134.38	68.565	0	0
134.38	68.665	0	0
134.38	68.765	0	0
134.38	68.865	0	0
134.38	68.965	0	0
134.38	69.065	0	0
134.38	69.165	0	0
134.38	69.265	0	0
134.38	69.365	0	0
134.38	69.465	0	0
134.38	69.565	0	0
134.38	69.665	0	0
134.38	69.765	0	0
134.38	69.865	0	0
134.38	69.965	0	0
134.38	70.065	0	0
134.38	70.165	0	0
134.38	70.265	0	0
134.38	70.365	0	0
134.38	70.465	0	0
134.38	70.565	0	0
134.38	70.665	0	0
134.38	70.765	0	0
134.38	70.865	0	0
134.38	70.965	0	0
134.38	71.065	0	0
134.38	71.165	0	0
134.38	71.265	0	0
134.38	71.365	0	0
134.38	71.465	0	0
134.38	71.565	0	0
134.38	71.665	0	0
134.38	71.765	0	0
134.38	71.865	0	0
134.38	71.965	0	0
134.38	72.065	0	0
134.38	72.165	0	0
134.38	72.265	0	0
134.38	72.365	0	0
134.38	72.465	0	0
134.38	72.565	0	0
134.38	72.665	0	0
134.38	72.765	0	0
134.38	72.865	0	0
134.48	72.865	0	0
134.58	72.865	0	0
134.68	72.865	0	0
134.78	72.865	0	0
134.88	72.865	0	0
134.98	72.865	0	0
134.98	72.965	0	0
134.98	73.065	0	0
134.98	73.165	0	0
134.98	73.265	0	0
134.98	73.365	0	0
134.98	73.465	0	0
134.98	73.565	0	0
134.98	73.665	0	0
134.98	73.765	0	0
134.98	73.865	0	0
134.98	73.965	0	0
134.98	74.065	0	0
134.98	74.165	0	0
134.98	74.265	0	0
134.98	74.365	0	0
134.98	74.465	0	0
134.98	74.565	0	0
134.98	74.665	0	0
134.98	74.765	0	0
134.98	74.865	0	0
134.98	74.965	0	0
134.98	75.065	0	0
134.98	75.165	0	0
134.98	75.265	0	0
134.98	75.365	0	0
134.98	75.465	0	0
134.98	75.565	0	0
134.98	75.665	0	0
134.98	75.765	0	0
134.98	75.865	0	0
134.98	75.965	0	0
134.98	76.065	0	0
134.98	76.165	0	0
134.98	76.265	0	0
134.98	76.365	0	0
135.08	76.365	0	0
135.18	76.365	0	0
135.28	76.365	0	0
135.38	76.365	0	0
135.48	76.365	0	0
135.48	76.465	0	0
135.48	76.565	0	0
135.48	76.665	0	0
135.48	76.765	0	0
135.48	76.865	0	0
135.48	76.965	0	0
135.48	77.065	0	0
135.48	77.165	0	0
135.48	77.265	0	0
135.48	77.365	0	0
135.48	77.465	0	0
135.48	77.565	0	0
135.48	77.665	0	0
135.48	77.765	0	0
135.48	77.865	0	0
135.48	77.965	0	0
135.48	78.065	0	0
135.48	78.165	0	0
135.48	78.265	0	0
135.48	78.365	0	0
135.48	78.465	0	0
135.48	78.565	0	0
135.48	78.665	0	0
135.48	78.765	0	0
135.48	78.865	0	0
135.48	78.965	0	0
135.48	79.065	0	0
135.48	79.165	0	0
135.48	79.265	0	0
135.48	79.365	0	0
135.48	79.465	0	0
135.48	79.565	0	0
135.48	79.665	0	0
135.48	79.765	0	0
135.48	79.865	0	0
135.48	79.965	0	0
135.48	80.065	0	0
135.48	80.165	0	0
135.48	80.265	0	0
135.48	80.365	0	0
135.48	80.465	0	0
135.48	80.565	0	0
135.48	80.665	0	0
135.48	80.765	0	0
135.48	80.865	0	0
135.48	80.965	0	0
135.48	81.065	0	0
135.48	81.165	0	0
135.48	81.265	0	0
135.48	81.365	0	0
135.48	81.465	0	0
135.48	81.565	0	0
135.48	81.665	0	0
135.48	81.765	0	0
135.48	81.865	0	0
135.48	81.965	0	0
135.48	82.065	0	0
135.48	82.165	0	0
135.48	82.265	0	0
135.48	82.365	0	0
135.48	82.465	0	0
135.48	82.565	0	0
135.48	82.665	0	0
135.48	82.765	0	0
135.48	82.865	0	0
135.48	82.965	0	0
135.48	83.065	0	0
135.48	83.165	0	0
135.48	83.265	0	0
135.48	83.365	0	0
135.48	83.465	0	0
135.48	83.565	0	0
135.48	83.665	0	0
135.48	83.765	0	0
135.48	83.865	0	0
135.48	83.965	0	0
135.48	84.065	0	0
135.48	84.165	0	0
135.48	84.265	0	0
135.48	84.365	0	0
135.48	84.465	0	0
135.48	84.565	0	0
135.48	84.665	0	0
135.48	84.765	0	0
135.48	84.865	0	0
135.48	84.965	0	0
135.48	85.065	0	0
135.38	85.065	0	0
135.28	85.065	0	0
135.18	85.065	0	0
135.08	85.065	0	0
134.98	85.065	0	0
134.88	85.065	0	0
134.88	85.165	0	0
134.88	85.265	0	0
134.88	85.365	0	0
134.88	85.465	0	0
134.88	85.565	0	0
134.78	85.565	0	0
134.68	85.565	0	0
134.58	85.565	0	0
134.48	85.565	0	0
134.38	85.565	0	0
134.28	85.565	0	0
134.18	85.565	0	0
134.08	85.565	0	0
133.98	85.565	0	0
133.88	85.565	0	0
133.78	85.565	0	0
133.68	85.565	0	0
133.58	85.565	0	0
133.48	85.565	0	0
133.38	85.565	0	0
133.28	85.565	0	0
133.18	85.565	0	0
133.08	85.565	0	0
132.98	85.565	0	0
132.88	85.565	0	0
132.88	85.665	0	0
132.88	85.765	0	0
132.88	85.865	0	0
132.88	85.965	0	0
132.88	86.065	0	0
132.78	86.065	0	0
132.68	86.065	0	0
132.58	86.065	0	0
132.48	86.065	0	0
132.38	86.065	0	0
132.28	86.065	0	0
132.18	86.065	0	0
132.08	86.065	0	0
131.98	86.065	0	0
131.88	86.065	0	0
131.88	86.165	0	0
131.88	86.265	0	0
131.88	86.365	0	0
131.88	86.465	0	0
131.88	86.565	0	0
131.78	86.565	0	0
131.68	86.565	0	0
131.58	86.565	0	0
131.48	86.565	0	0
131.38	86.565	0	0
131.28	86.565	0	0
131.18	86.565	0	0
131.08	86.565	0	0
130.98	86.565	0	0
130.88	86.565	0	0
130.78	86.565	0	0
130.68	86.565	0	0
130.58	86.565	0	0
130.48	86.565	0	0
130.38	86.565	0	0
130.28	86.565	0	0
130.18	86.565	0	0
130.08	86.565	0	0
129.98	86.565	0	0
129.88	86.565	0	0
129.78	86.565	0	0
129.68	86.565	0	0
129.58	86.565	0	0
129.48	86.565	0	0
129.38	86.565	0	0
129.28	86.565	0	0
129.18	86.565	0	0
129.08	86.565	0	0
128.98	86.565	0	0
128.88	86.565	0	0
128.78	86.565	0	0
128.68	86.565	0	0
128.58	86.565	0	0
128.48	86.565	0	0
128.38	86.565	0	0
128.28	86.565	0	0
128.18	86.565	0	0
128.08	86.565	0	0
127.98	86.565	0	0
127.88	86.565	0	0
127.78	86.565	0	0
127.68	86.565	0	0
127.58	86.565	0	0
127.48	86.565	0	0
127.38	86.565	0	0
127.28	86.565	0	0
127.18	86.565	0	0
127.08	86.565	0	0
126.98	86.565	0	0
126.88	86.565	0	0
126.78	86.565	0	0
126.68	86.565	0	0
126.58	86.565	0	0
126.48	86.565	0	0
126.38	86.565	0	0
126.28	86.565	0	0
126.18	86.565	0	0
126.08	86.565	0	0
125.98	86.565	0	0
125.88	86.565	0	0
125.78	86.565	0	0
125.68	86.565	0	0
125.58	86.565	0	0
125.48	86.565	0	0
125.38	86.565	0	0
125.28	86.565	0	0
125.18	86.565	0	0
125.08	86.565	0	0
124.98	86.565	0	0
124.88	86.565	0	0
124.78	86.565	0	0
124.68	86.565	0	0
124.58	86.565	0	0
124.48	86.565	0	0
124.38	86.565	0	0
124.28	86.565	0	0
124.18	86.565	0	0
124.08	86.565	0	0
123.98	86.565	0	0
123.88	86.565	0	0
123.78	86.565	0	0
123.68	86.565	0	0
123.58	86.565	0	0
123.48	86.565	0	0
123.38	86.565	0	0
123.28	86.565	0	0
123.18	86.565	0	0
123.08	86.565	0	0
122.98	86.565	0	0
122.88	86.565	0	0
122.78	86.565	0	0
122.68	86.565	0	0
122.58	86.565	0	0
122.48	86.565	0	0
122.38	86.565	0	0
122.28	86.565	0	0
122.18	86.565	0	0
122.08	86.565	0	0
121.98	86.565	0	0
121.88	86.565	0	0
121.78	86.565	0	0
121.68	86.565	0	0
121.58	86.565	0	0
121.48	86.565	0	0
121.38	86.565	0	0
121.28	86.565	0	0
121.18	86.565	0	0
121.08	86.565	0	0
120.98	86.565	0	0
120.88	86.565	0	0
120.78	86.565	0	0
120.68	86.565	0	0
120.58	86.565	0	0
120.48	86.565	0	0
120.38	86.565	0	0
120.28	86.565	0	0
120.18	86.565	0	0
120.08	86.565	0	0
119.98	86.565	0	0
119.88	86.565	0	0
119.78	86.565	0	0
119.68	86.565	0	0
119.58	86.565	0	0
119.48	86.565	0	0
119.38	86.565	0	0
119.28	86.565	0	0
119.18	86.565	0	0
119.08	86.565	0	0
118.98	86.565	0	0
118.88	86.565	0	0
118.78	86.565	0	0
118.68	86.565	0	0
118.58	86.565	0	0
118.48	86.565	0	0
118.38	86.565	0	0
118.28	86.565	0	0
118.18	86.565	0	0
118.08	86.565	0	0
117.98	86.565	0	0
117.88	86.565	0	0
117.78	86.565	0	0
117.68	86.565	0	0
117.58	86.565	0	0
117.48	86.565	0	0
117.38	86.565	0	0
117.28	86.565	0	0
117.18	86.565	0	0
117.08	86.565	0	0
116.98	86.565	0	0
116.88	86.565	0	0
116.78	86.565	0	0
116.68	86.565	0	0
116.58	86.565	0	0
116.48	86.565	0	0
116.38	86.565	0	0
116.28	86.565	0	0
116.18	86.565	0	0
116.08	86.565	0	0
115.98	86.565	0	0
115.88	86.565	0	0
115.78	86.565	0	0
115.68	86.565	0	0
115.58	86.565	0	0
115.58	86.465	0	0
115.58	86.365	0	0
115.58	86.265	0	0
115.58	86.165	0	0
115.58	86.065	0	0
115.58	85.965	0	0
115.48	85.965	0	0
115.38	85.965	0	0
115.28	85.965	0	0
115.18	85.965	0	0
115.08	85.965	0	0
114.98	85.965	0	0
114.88	85.965	0	0
114.78	85.965	0	0
114.68	85.965	0	0
114.58	85.965	0	0
114.48	85.965	0	0
114.38	85.965	0	0
114.28	85.965	0	0
114.18	85.965	0	0
114.08	85.965	0	0
113.98	85.965	0	0
113.88	85.965	0	0
113.78	85.965	0	0
113.68	85.965	0	0
113.58	85.965	0	0
113.48	85.965	0	0
113.38	85.965	0	0
113.28	85.965	0	0
113.18	85.965	0	0
113.08	85.965	0	0
112.98	85.965	0	0
112.88	85.965	0	0
112.78	85.965	0	0
112.68	85.965	0	0
112.58	85.965	0	0
112.48	85.965	0	0
112.38	85.965	0	0
112.28	85.965	0	0
112.18	85.965	0	0
112.08	85.965	0	0
111.98	85.965	0	0
111.98	86.065	0	0
111.98	86.165	0	0
111.98	86.265	0	0
111.98	86.365	0	0
111.98	86.465	0	0
111.98	86.565	0	0
111.88	86.565	0	0
111.78	86.565	0	0
111.68	86.565	0	0
111.58	86.565	0	0
111.48	86.565	0	0
111.38	86.565	0	0
111.28	86.565	0	0
111.18	86.565	0	0
111.08	86.565	0	0
110.98	86.565	0	0
110.88	86.565	0	0
110.78	86.565	0	0
110.68	86.565	0	0
110.58	86.565	0	0
110.48	86.565	0	0
110.38	86.565	0	0
110.28	86.565	0	0
110.18	86.565	0	0
110.08	86.565	0	0
109.98	86.565	0	0
109.88	86.565	0	0
109.78	86.565	0	0
109.68	86.565	0	0
109.58	86.565	0	0
109.48	86.565	0	0
109.38	86.565	0	0
109.28	86.565	0	0
109.18	86.565	0	0
109.08	86.565	0	0
108.98	86.565	0	0
108.88	86.565	0	0
108.78	86.565	0	0
108.68	86.565	0	0
108.58	86.565	0	0
108.48	86.565	0	0
108.38	86.565	0	0
108.28	86.565	0	0
108.18	86.565	0	0
108.08	86.565	0	0
107.98	86.565	0	0
107.88	86.565	0	0
107.78	86.565	0	0
107.68	86.565	0	0
107.58	86.565	0	0
107.48	86.565	0	0
107.38	86.565	0	0
107.28	86.565	0	0
107.18	86.565	0	0
107.08	86.565	0	0
106.98	86.565	0	0
106.88	86.565	0	0
106.78	86.565	0	0
106.68	86.565	0	0
106.58	86.565	0	0
106.48	86.565	0	0
106.38	86.565	0	0
106.28	86.565	0	0
106.18	86.565	0	0
106.08	86.565	0	0
105.98	86.565	0	0
105.88	86.565	0	0
105.78	86.565	0	0
105.68	86.565	0	0
105.58	86.565	0	0
105.48	86.565	0	0
105.38	86.565	0	0
105.28	86.565	0	0
105.18	86.565	0	0
105.08	86.565	0	0
104.98	86.565	0	0
104.88	86.565	0	0
104.78	86.565	0	0
104.68	86.565	0	0
104.58	86.565	0	0
104.48	86.565	0	0
104.38	86.565	0	0
104.28	86.565	0	0
104.18	86.565	0	0
104.08	86.565	0	0
103.98	86.565	0	0
103.88	86.565	0	0
103.78	86.565	0	0
103.68	86.565	0	0
103.58	86.565	0	0
103.48	86.565	0	0
103.38	86.565	0	0
103.28	86.565	0	0
103.18	86.565	0	0
103.08	86.565	0	0
102.98	86.565	0	0
102.88	86.565	0	0
102.78	86.565	0	0
102.68	86.565	0	0
102.58	86.565	0	0
102.48	86.565	0	0
102.38	86.565	0	0
102.28	86.565	0	0
102.18	86.565	0	0
102.08	86.565	0	0
101.98	86.565	0	0
101.88	86.565	0	0
101.78	86.565	0	0
101.68	86.565	0	0
101.58	86.565	0	0
101.48	86.565	0	0
101.38	86.565	0	0
101.28	86.565	0	0
101.18	86.565	0	0
101.08	86.565	0	0
100.98	86.565	0	0
100.88	86.565	0	0
100.78	86.565	0	0
100.68	86.565	0	0
100.58	86.565	0	0
100.48	86.565	0	0
100.38	86.565	0	0
100.28	86.565	0	0
100.18	86.565	0	0
100.08	86.565	0	0
99.981	86.565	0	0
99.881	86.565	0	0
99.781	86.565	0	0
99.681	86.565	0	0
99.581	86.565	0	0
99.481	86.565	0	0
99.381	86.565	0	0
99.281	86.565	0	0
99.281	86.665	0	0
99.281	86.765	0	0
99.281	86.865	0	0
99.281	86.965	0	0
99.281	87.065	0	0
99.181	87.065	0	0
99.081	87.065	0	0
98.981	87.065	0	0
98.881	87.065	0	0
98.781	87.065	0	0
98.681	87.065	0	0
98.581	87.065	0	0
98.481	87.065	0	0
98.381	87.065	0	0
98.281	87.065	0	0
98.181	87.065	0	0
98.081	87.065	0	0
97.981	87.065	0	0
97.881	87.065	0	0
97.781	87.065	0	0
97.681	87.065	0	0
97.581	87.065	0	0
97.481	87.065	0	0
97.381	87.065	0	0
97.281	87.065	0	0
97.181	87.065	0	0
97.081	87.065	0	0
96.981	87.065	0	0
96.881	87.065	0	0
96.781	87.065	0	0
96.681	87.065	0	0
96.581	87.065	0	0
96.481	87.065	0	0
96.381	87.065	0	0
96.281	87.065	0	0
96.181	87.065	0	0
96.081	87.065	0	0
95.981	87.065	0	0
95.881	87.065	0	0
95.781	87.065	0	0
95.681	87.065	0	0
95.581	87.065	0	0
95.481	87.065	0	0
95.381	87.065	0	0
95.281	87.065	0	0
95.181	87.065	0	0
95.081	87.065	0	0
94.981	87.065	0	0
94.881	87.065	0	0
94.781	87.065	0	0
94.681	87.065	0	0
94.581	87.065	0	0
94.481	87.065	0	0
94.381	87.065	0	0
94.281	87.065	0	0
94.181	87.065	0	0
94.081	87.065	0	0
93.981	87.065	0	0
93.881	87.065	0	0
93.781	87.065	0	0
93.681	87.065	0	0
93.581	87.065	0	0
93.481	87.065	0	0
93.381	87.065	0	0
93.281	87.065	0	0
93.181	87.065	0	0
93.081	87.065	0	0
92.981	87.065	0	0
92.881	87.065	0	0
92.781	87.065	0	0
92.681	87.065	0	0
92.581	87.065	0	0
92.481	87.065	0	0
92.381	87.065	0	0
92.281	87.065	0	0
92.181	87.065	0	0
92.081	87.065	0	0
91.981	87.065	0	0
91.881	87.065	0	0
91.781	87.065	0	0
91.681	87.065	0	0
91.581	87.065	0	0
91.481	87.065	0	0
91.381	87.065	0	0
91.281	87.065	0	0
91.181	87.065	0	0
91.081	87.065	0	0
90.981	87.065	0	0
90.881	87.065	0	0
90.781	87.065	0	0
90.681	87.065	0	0
90.581	87.065	0	0
90.481	87.065	0	0
90.381	87.065	0	0
90.281	87.065	0	0
90.181	87.065	0	0
90.081	87.065	0	0
89.981	87.065	0	0
89.881	87.065	0	0
89.781	87.065	0	0
89.681	87.065	0	0
89.581	87.065	0	0
89.481	87.065	0	0
89.381	87.065	0	0
89.281	87.065	0	0
89.181	87.065	0	0
89.081	87.065	0	0
88.981	87.065	0	0
88.881	87.065	0	0
88.781	87.065	0	0
88.681	87.065	0	0
88.581	87.065	0	0
88.481	87.065	0	0
88.381	87.065	0	0
88.281	87.065	0	0
88.181	87.065	0	0
88.081	87.065	0	0
87.981	87.065	0	0
87.881	87.065	0	0
87.781	87.065	0	0
87.681	87.065	0	0
87.581	87.065	0	0
87.481	87.065	0	0
87.381	87.065	0	0
87.281	87.065	0	0
87.181	87.065	0	0
87.081	87.065	0	0
86.981	87.065	0	0
86.881	87.065	0	0
86.781	87.065	0	0
86.681	87.065	0	0
86.581	87.065	0	0
86.481	87.065	0	0
86.381	87.065	0	0
86.281	87.065	0	0
86.181	87.065	0	0
86.081	87.065	0	0
85.981	87.065	0	0
85.881	87.065	0	0
85.781	87.065	0	0
85.681	87.065	0	0
85.581	87.065	0	0
85.481	87.065	0	0
85.381	87.065	0	0
85.281	87.065	0	0
85.181	87.065	0	0
85.081	87.065	0	0
84.981	87.065	0	0
84.881	87.065	0	0
84.781	87.065	0	0
84.681	87.065	0	0
84.581	87.065	0	0
84.481	87.065	0	0
84.381	87.065	0	0
84.281	87.065	0	0
84.181	87.065	0	0
84.081	87.065	0	0
83.981	87.065	0	0
83.881	87.065	0	0
83.781	87.065	0	0
83.681	87.065	0	0
83.581	87.065	0	0
83.481	87.065	0	0
83.381	87.065	0	0
83.281	87.065	0	0
83.181	87.065	0	0
83.081	87.065	0	0
82.981	87.065	0	0
82.881	87.065	0	0
82.781	87.065	0	0
82.681	87.065	0	0
82.581	87.065	0	0
82.481	87.065	0	0
82.381	87.065	0	0
82.281	87.065	0	0
82.181	87.065	0	0
82.081	87.065	0	0
81.981	87.065	0	0
81.881	87.065	0	0
81.781	87.065	0	0
81.681	87.065	0	0
81.581	87.065	0	0
81.481	87.065	0	0
81.381	87.065	0	0
81.281	87.065	0	0
81.181	87.065	0	0
81.081	87.065	0	0
80.981	87.065	0	0
80.881	87.065	0	0
80.781	87.065	0	0
80.681	87.065	0	0
80.581	87.065	0	0
80.481	87.065	0	0
80.381	87.065	0	0
80.381	86.965	0	0
80.381	86.865	0	0
80.381	86.765	0	0
80.381	86.665	0	0
80.381	86.565	0	0
80.381	86.465	0	0
80.281	86.465	0	0
80.181	86.465	0	0
80.081	86.465	0	0
79.981	86.465	0	0
79.881	86.465	0	0
79.781	86.465	0	0
79.681	86.465	0	0
79.581	86.465	0	0
79.481	86.465	0	0
79.381	86.465	0	0
79.381	86.365	0	0
79.381	86.265	0	0
79.381	86.165	0	0
79.381	86.065	0	0
79.381	85.965	0	0
79.281	85.965	0	0
79.181	85.965	0	0
79.081	85.965	0	0
78.981	85.965	0	0
78.881	85.965	0	0
78.781	85.965	0	0
78.681	85.965	0	0
78.581	85.965	0	0
78.481	85.965	0	0
78.381	85.965	0	0
78.281	85.965	0	0
78.181	85.965	0	0
78.081	85.965	0	0
77.981	85.965	0	0
77.881	85.965	0	0
77.781	85.965	0	0
77.681	85.965	0	0
77.581	85.965	0	0
77.481	85.965	0	0
77.381	85.965	0	0
77.281	85.965	0	0
77.181	85.965	0	0
77.081	85.965	0	0
76.981	85.965	0	0
76.881	85.965	0	0
76.781	85.965	0	0
76.681	85.965	0	0
76.581	85.965	0	0
76.481	85.965	0	0
76.381	85.965	0	0
76.281	85.965	0	0
76.181	85.965	0	0
76.081	85.965	0	0
75.981	85.965	0	0
75.881	85.965	0	0
75.781	85.965	0	0
75.781	86.065	0	0
75.781	86.165	0	0
75.781	86.265	0	0
75.781	86.365	0	0
75.781	86.465	0	0
75.781	86.565	0	0
75.781	86.665	0	0
75.781	86.765	0	0
75.781	86.865	0	0
75.781	86.965	0	0
75.781	87.065	0	0
75.781	87.165	0	0
75.781	87.265	0	0
75.781	87.365	0	0
75.781	87.465	0	0
75.781	87.565	0	0
75.781	87.665	0	0
75.781	87.765	0	0
75.781	87.865	0	0
75.781	87.965	0	0
75.781	88.065	0	0
75.781	88.165	0	0
75.781	88.265	0	0
75.781	88.365	0	0
75.781	88.465	0	0
75.781	88.565	0	0
75.781	88.665	0	0
75.781	88.765	0	0
75.781	88.865	0	0
75.781	88.965	0	0
75.781	89.065	0	0
75.781	89.165	0	0
75.781	89.265	0	0
75.781	89.365	0	0
75.781	89.465	0	0
75.781	89.565	0	0
75.781	89.665	0	0
75.781	89.765	0	0
75.781	89.865	0	0
75.781	89.965	0	0
75.781	90.065	0	0
75.781	90.165	0	0
75.781	90.265	0	0
75.781	90.365	0	0
75.781	90.465	0	0
75.781	90.565	0	0
75.781	90.665	0	0
75.781	90.765	0	0
75.781	90.865	0	0
75.781	90.965	0	0
75.781	91.065	0	0
75.781	91.165	0	0
75.781	91.265	0	0
75.781	91.365	0	0
75.781	91.465	0	0
75.781	91.565	0	0
75.781	91.665	0	0
75.681	91.665	0	0
75.581	91.665	0	0
75.481	91.665	0	0
75.381	91.665	0	0
75.281	91.665	0	0
75.281	91.765	0	0
75.281	91.865	0	0
75.281	91.965	0	0
75.281	92.065	0	0
75.281	92.165	0	0
75.281	92.265	0	0
75.281	92.365	0	0
75.281	92.465	0	0
75.281	92.565	0	0
75.281	92.665	0	0
75.281	92.765	0	0
75.281	92.865	0	0
75.281	92.965	0	0
75.281	93.065	0	0
75.281	93.165	0	0
75.181	93.165	0	0
75.081	93.165	0	0
74.981	93.165	0	0
74.881	93.165	0	0
74.781	93.165	0	0
74.781	93.265	0	0
74.781	93.365	0	0
74.781	93.465	0	0
74.781	93.565	0	0
74.781	93.665	0	0
74.781	93.765	0	0
74.781	93.865	0	0
74.781	93.965	0	0
74.781	94.065	0	0
74.781	94.165	0	0
74.781	94.265	0	0
74.781	94.365	0	0
74.781	94.465	0	0
74.781	94.565	0	0
74.781	94.665	0	0
74.781	94.765	0	0
74.781	94.865	0	0
74.781	94.965	0	0
74.781	95.065	0	0
74.781	95.165	0	0
74.781	95.265	0	0
74.781	95.365	0	0
74.781	95.465	0	0
74.781	95.565	0	0
74.781	95.665	0	0
74.781	95.765	0	0
74.781	95.865	0	0
74.781	95.965	0	0
74.781	96.065	0	0
74.781	96.165	0	0
74.781	96.265	0	0
74.781	96.365	0	0
74.781	96.465	0	0
74.781	96.565	0	0
74.781	96.665	0	0
74.781	96.765	0	0
74.781	96.865	0	0
74.781	96.965	0	0
74.781	97.065	0	0
74.781	97.165	0	0
74.781	97.265	0	0
74.881	97.265	0	0
74.981	97.265	0	0
75.081	97.265	0	0
75.181	97.265	0	0
75.281	97.265	0	0
75.381	97.265	0	0
75.381	97.365	0	0
75.381	97.465	0	0
75.381	97.565	0	0
75.381	97.665	0	0
75.381	97.765	0	0
75.381	97.865	0	0
75.381	97.965	0	0
75.381	98.065	0	0
75.381	98.165	0	0
75.381	98.265	0	0
75.381	98.365	0	0
75.381	98.465	0	0
75.381	98.565	0	0
75.381	98.665	0	0
75.381	98.765	0	0
75.381	98.865	0	0
75.381	98.965	0	0
75.381	99.065	0	0
75.381	99.165	0	0
75.381	99.265	0	0
75.381	99.365	0	0
75.381	99.465	0	0
75.381	99.565	0	0
75.381	99.665	0	0
75.381	99.765	0	0
75.381	99.865	0	0
75.381	99.965	0	0
75.381	100.07	0	0
75.381	100.17	0	0
75.381	100.27	0	0
75.381	100.37	0	0
75.381	100.47	0	0
75.381	100.57	0	0
75.381	100.67	0	0
75.381	100.77	0	0
75.381	100.87	0	0
75.381	100.97	0	0
75.381	101.07	0	0
75.381	101.17	0	0
75.381	101.27	0	0
75.381	101.37	0	0
75.381	101.47	0	0
75.381	101.57	0	0
75.381	101.67	0	0
75.381	101.77	0	0
75.381	101.87	0	0
75.381	101.97	0	0
75.381	102.07	0	0
75.381	102.17	0	0
75.381	102.27	0	0
75.381	102.37	0	0
75.381	102.47	0	0
75.381	102.57	0	0
75.381	102.67	0	0
75.381	102.77	0	0
75.381	102.87	0	0
75.381	102.97	0	0
75.381	103.07	0	0
75.381	103.17	0	0
75.381	103.27	0	0
75.381	103.37	0	0
75.381	103.47	0	0
75.381	103.57	0	0
75.381	103.67	0	0
75.381	103.77	0	0
75.381	103.87	0	0
75.381	103.97	0	0
75.381	104.07	0	0
75.381	104.17	0	0
75.381	104.27	0	0
75.381	104.37	0	0
75.381	104.47	0	0
75.381	104.57	0	0
75.381	104.67	0	0
75.381	104.77	0	0
75.381	104.87	0	0
75.381	104.97	0	0
75.381	105.07	0	0
75.381	105.17	0	0
75.381	105.27	0	0
75.381	105.37	0	0
75.381	105.47	0	0
75.381	105.57	0	0
75.381	105.67	0	0
75.381	105.77	0	0
75.381	105.87	0	0
75.381	105.97	0	0
75.381	106.07	0	0
75.381	106.17	0	0
75.381	106.27	0	0
75.381	106.37	0	0
75.381	106.47	0	0
75.381	106.57	0	0
75.381	106.67	0	0
75.381	106.77	0	0
75.381	106.87	0	0
75.381	106.97	0	0
75.281	106.97	0	0
75.181	106.97	0	0
75.081	106.97	0	0
74.981	106.97	0	0
74.881	106.97	0	0
74.781	106.97	0	0
74.781	107.07	0	0
74.781	107.17	0	0
74.781	107.27	0	0
74.781	107.37	0	0
74.781	107.47	0	0
74.781	107.57	0	0
74.781	107.67	0	0
74.781	107.77	0	0
74.781	107.87	0	0
74.781	107.97	0	0
74.781	108.07	0	0
74.781	108.17	0	0
74.781	108.27	0	0
74.781	108.37	0	0
74.781	108.47	0	0
74.781	108.57	0	0
74.781	108.67	0	0
74.781	108.77	0	0
74.781	108.87	0	0
74.781	108.97	0	0
74.781	109.07	0	0
74.781	109.17	0	0
74.781	109.27	0	0
74.781	109.37	0	0
74.781	109.47	0	0
74.781	109.57	0	0
74.781	109.67	0	0
74.781	109.77	0	0
74.781	109.87	0	0
74.781	109.97	0	0
74.781	110.07	0	0
74.781	110.17	0	0
74.781	110.27	0	0
74.781	110.37	0	0
74.781	110.47	0	0
74.781	110.57	0	0
74.781	110.67	0	0
74.781	110.77	0	0
74.781	110.87	0	0
74.781	110.97	0	0
74.781	111.07	0	0
74.781	111.17	0	0
74.781	111.27	0	0
74.781	111.37	0	0
74.781	111.47	0	0
74.781	111.57	0	0
74.781	111.67	0	0
74.781	111.77	0	0
74.781	111.87	0	0
74.781	111.97	0	0
74.781	112.07	0	0
74.781	112.17	0	0
74.781	112.27	0	0
74.781	112.37	0	0
74.781	112.47	0	0
74.781	112.57	0	0
74.781	112.67	0	0
74.781	112.77	0	0
74.781	112.87	0	0
74.781	112.97	0	0
74.781	113.07	0	0
74.781	113.17	0	0
74.781	113.27	0	0
74.781	113.37	0	0
74.781	113.47	0	0
74.781	113.57	0	0
74.781	113.67	0	0
74.781	113.77	0	0
74.781	113.87	0	0
74.781	113.97	0	0
74.781	114.07	0	0
74.781	114.17	0	0
74.781	114.27	0	0
74.781	114.37	0	0
74.781	114.47	0	0
74.781	114.57	0	0
74.781	114.67	0	0
74.781	114.77	0	0
74.781	114.87	0	0
74.781	114.97	0	0
74.781	115.07	0	0
74.781	115.17	0	0
74.781	115.27	0	0
74.781	115.37	0	0
74.781	115.47	0	0
74.781	115.57	0	0
74.781	115.67	0	0
74.781	115.77	0	0
74.781	115.87	0	0
74.781	115.97	0	0
74.781	116.07	0	0
74.781	116.17	0	0
74.781	116.27	0	0
74.781	116.37	0	0
74.781	116.47	0	0
74.781	116.57	0	0
74.781	116.67	0	0
74.781	116.77	0	0
74.781	116.87	0	0
74.781	116.97	0	0
74.781	117.07	0	0
74.781	117.17	0	0
74.781	117.27	0	0
74.781	117.37	0	0
74.781	117.47	0	0
74.781	117.57	0	0
74.781	117.67	0	0
74.781	117.77	0	0
74.781	117.87	0	0
74.781	117.97	0	0
74.781	118.07	0	0
74.781	118.17	0	0
74.781	118.27	0	0
74.781	118.37	0	0
74.781	118.47	0	0
74.781	118.57	0	0
74.781	118.67	0	0
74.781	118.77	0	0
74.781	118.87	0	0
74.781	118.97	0	0
74.781	119.07	0	0
74.781	119.17	0	0
74.781	119.27	0	0
74.781	119.37	0	0
74.781	119.47	0	0
74.781	119.57	0	0
74.781	119.67	0	0
74.781	119.77	0	0
74.781	119.87	0	0
74.781	119.97	0	0
74.781	120.07	0	0
74.781	120.17	0	0
74.781	120.27	0	0
74.781	120.37	0	0
74.781	120.47	0	0
74.781	120.57	0	0
74.781	120.67	0	0
74.781	120.77	0	0
74.781	120.87	0	0
74.781	120.97	0	0
74.781	121.07	0	0
74.781	121.17	0	0
74.781	121.27	0	0
74.781	121.37	0	0
74.781	121.47	0	0
74.781	121.57	0	0
74.781	121.67	0	0
74.781	121.77	0	0
74.781	121.87	0	0
74.781	121.97	0	0
74.781	122.07	0	0
74.781	122.17	0	0
74.781	122.27	0	0
74.881	122.27	0	0
74.981	122.27	0	0
75.081	122.27	0	0
75.181	122.27	0	0
75.281	122.27	0	0
75.381	122.27	0	0
75.381	122.37	0	0
75.381	122.47	0	0
75.381	122.57	0	0
75.381	122.67	0	0
75.381	122.77	0	0
75.381	122.87	0	0
75.381	122.97	0	0
75.381	123.07	0	0
75.381	123.17	0	0
75.381	123.27	0	0
75.381	123.37	0	0
75.381	123.47	0	0
75.381	123.57	0	0
75.381	123.67	0	0
75.381	123.77	0	0
75.381	123.87	0	0
75.381	123.97	0	0
75.381	124.07	0	0
75.381	124.17	0	0
75.381	124.27	0	0
75.381	124.37	0	0
75.381	124.47	0	0
75.381	124.57	0	0
75.381	124.67	0	0
75.381	124.77	0	0
75.381	124.87	0	0
75.381	124.97	0	0
75.381	125.07	0	0
75.381	125.17	0	0
75.381	125.27	0	0
75.381	125.37	0	0
75.381	125.47	0	0
75.381	125.57	0	0
75.381	125.67	0	0
75.381	125.77	0	0
75.381	125.87	0	0
75.381	125.97	0	0
75.381	126.07	0	0
75.381	126.17	0	0
75.381	126.27	0	0
75.381	126.37	0	0
75.381	126.47	0	0
75.381	126.57	0	0
75.381	126.67	0	0
75.381	126.77	0	0
75.381	126.87	0	0
75.381	126.97	0	0
75.381	127.07	0	0
75.381	127.17	0	0
75.381	127.27	0	0
75.381	127.37	0	0
75.381	127.47	0	0
75.381	127.57	0	0
75.381	127.67	0	0
75.381	127.77	0	0
75.381	127.87	0	0
75.381	127.97	0	0
75.381	128.07	0	0
75.381	128.17	0	0
75.381	128.27	0	0
75.381	128.37	0	0
75.381	128.47	0	0
75.381	128.57	0	0
75.381	128.67	0	0
75.381	128.77	0	0
75.381	128.87	0	0
75.381	128.97	0	0
75.381	129.07	0	0
75.381	129.17	0	0
75.381	129.27	0	0
75.381	129.37	0	0
75.381	129.47	0	0
75.381	129.57	0	0
75.381	129.67	0	0
75.381	129.77	0	0
75.381	129.87	0	0
75.381	129.97	0	0
75.381	130.07	0	0
75.381	130.17	0	0
75.381	130.27	0	0
75.381	130.37	0	0
75.381	130.47	0	0
75.381	130.57	0	0
75.381	130.67	0	0
75.381	130.77	0	0
75.381	130.87	0	0
75.381	130.97	0	0
75.381	131.07	0	0
75.381	131.17	0	0
75.381	131.27	0	0
75.381	131.37	0	0
75.381	131.47	0	0
75.381	131.57	0	0
75.381	131.67	0	0
75.381	131.77	0	0
75.381	131.87	0	0
75.381	131.97	0	0
75.381	132.07	0	0
75.381	132.17	0	0
75.381	132.27	0	0
75.381	132.37	0	0
75.381	132.47	0	0
75.381	132.57	0	0
75.381	132.67	0	0
75.381	132.77	0	0
75.381	132.87	0	0
75.381	132.97	0	0
75.381	133.07	0	0
75.381	133.17	0	0
75.381	133.27	0	0
75.381	133.37	0	0
75.381	133.47	0	0
75.381	133.57	0	0
75.381	133.67	0	0
75.381	133.77	0	0
75.381	133.87	0	0
75.381	133.97	0	0
75.381	134.07	0	0
75.381	134.17	0	0
75.381	134.27	0	0
75.381	134.37	0	0
75.381	134.47	0	0
75.381	134.57	0	0
75.381	134.67	0	0
75.381	134.77	0	0
75.381	134.87	0	0
75.381	134.97	0	0
75.381	135.07	0	0
75.381	135.17	0	0
75.381	135.27	0	0
75.381	135.37	0	0
75.381	135.47	0	0
75.381	135.57	0	0
75.381	135.67	0	0
75.381	135.77	0	0
75.381	135.87	0	0
75.381	135.97	0	0
75.381	136.07	0	0
75.381	136.17	0	0
75.381	136.27	0	0
75.381	136.37	0	0
75.381	136.47	0	0
75.381	136.57	0	0
75.381	136.67	0	0
75.381	136.77	0	0
75.381	136.87	0	0
75.381	136.97	0	0
75.381	137.07	0	0
75.381	137.17	0	0
75.381	137.27	0	0
75.381	137.37	0	0
75.381	137.47	0	0
75.381	137.57	0	0
75.381	137.67	0	0
75.381	137.77	0	0
75.381	137.87	0	0
75.381	137.97	0	0
75.381	138.07	0	0
75.381	138.17	0	0
75.381	138.27	0	0
75.381	138.37	0	0
75.381	138.47	0	0
75.381	138.57	0	0
75.381	138.67	0	0
75.381	138.77	0	0
75.381	138.87	0	0
75.381	138.97	0	0
75.381	139.07	0	0
75.381	139.17	0	0
75.381	139.27	0	0
75.381	139.37	0	0
75.381	139.47	0	0
75.381	139.57	0	0
75.381	139.67	0	0
75.381	139.77	0	0
75.381	139.87	0	0
75.381	139.97	0	0
75.381	140.07	0	0
75.381	140.17	0	0
75.381	140.27	0	0
75.381	140.37	0	0
75.381	140.47	0	0
75.381	140.57	0	0
75.381	140.67	0	0
75.381	140.77	0	0
75.381	140.87	0	0
75.381	140.97	0	0
75.381	141.07	0	0
75.381	141.17	0	0
75.381	141.27	0	0
75.381	141.37	0	0
75.381	141.47	0	0
75.381	141.57	0	0
75.381	141.67	0	0
75.381	141.77	0	0
75.381	141.87	0	0
75.381	141.97	0	0
75.381	142.07	0	0
75.381	142.17	0	0
75.381	142.27	0	0
75.381	142.37	0	0
75.381	142.47	0	0
75.381	142.57	0	0
75.381	142.67	0	0
75.381	142.77	0	0
75.381	142.87	0	0
75.381	142.97	0	0
75.381	143.07	0	0
75.381	143.17	0	0
75.381	143.27	0	0
75.381	143.37	0	0
75.381	143.47	0	0
75.381	143.57	0	0
75.381	143.67	0	0
75.381	143.77	0	0
75.381	143.87	0	0
75.381	143.97	0	0
75.381	144.07	0	0
75.381	144.17	0	0
75.381	144.27	0	0
75.381	144.37	0	0
75.381	144.47	0	0
75.381	144.57	0	0
75.381	144.67	0	0
75.381	144.77	0	0
75.381	144.87	0	0
75.381	144.97	0	0
75.381	145.07	0	0
75.381	145.17	0	0
75.381	145.27	0	0
75.381	145.37	0	0
75.381	145.47	0	0
75.381	145.57	0	0
75.381	145.67	0	0
75.381	145.77	0	0
75.381	145.87	0	0
75.381	145.97	0	0
75.381	146.07	0	0
75.381	146.17	0	0
75.381	146.27	0	0
75.381	146.37	0	0
75.381	146.47	0	0
75.381	146.57	0	0
75.381	146.67	0	0
75.381	146.77	0	0
75.381	146.87	0	0
75.381	146.97	0	0
75.381	147.07	0	0
75.381	147.17	0	0
75.381	147.27	0	0
75.381	147.37	0	0
75.381	147.47	0	0
75.381	147.57	0	0
75.381	147.67	0	0
