135.46	55.953	0	0
135.46	56.053	0	0
135.46	56.153	0	0
135.46	56.253	0	0
135.46	56.353	0	0
135.46	56.453	0	0
135.46	56.553	0	0
135.46	56.653	0	0
135.46	56.753	0	0
135.46	56.853	0	0
135.46	56.953	0	0
135.46	57.053	0	0
135.46	57.153	0	0
135.46	57.253	0	0
135.46	57.353	0	0
135.46	57.453	0	0
135.46	57.553	0	0
135.46	57.653	0	0
135.46	57.753	0	0
135.46	57.853	0	0
135.46	57.953	0	0
135.46	58.053	0	0
135.46	58.153	0	0
135.46	58.253	0	0
135.46	58.353	0	0
135.46	58.453	0	0
135.46	58.553	0	0
135.46	58.653	0	0
135.46	58.753	0	0
135.46	58.853	0	0
135.46	58.953	0	0
135.46	59.053	0	0
135.46	59.153	0	0
135.46	59.253	0	0
135.46	59.353	0	0
135.46	59.453	0	0
135.46	59.553	0	0
135.46	59.653	0	0
135.46	59.753	0	0
135.46	59.853	0	0
135.46	59.953	0	0
135.46	60.053	0	0
135.46	60.153	0	0
135.46	60.253	0	0
135.46	60.353	0	0
135.46	60.453	0	0
135.46	60.553	0	0
135.46	60.653	0	0
135.46	60.753	0	0
135.46	60.853	0	0
135.46	60.953	0	0
135.46	61.053	0	0
135.46	61.153	0	0
135.46	61.253	0	0
135.46	61.353	0	0
135.46	61.453	0	0
135.46	61.553	0	0
135.46	61.653	0	0
135.46	61.753	0	0
135.46	61.853	0	0
135.46	61.953	0	0
135.46	62.053	0	0
135.46	62.153	0	0
135.46	62.253	0	0
135.46	62.353	0	0
135.46	62.453	0	0
135.46	62.553	0	0
135.46	62.653	0	0
135.46	62.753	0	0
135.46	62.853	0	0
135.46	62.953	0	0
135.46	63.053	0	0
135.46	63.153	0	0
135.46	63.253	0	0
135.46	63.353	0	0
135.46	63.453	0	0
135.46	63.553	0	0
135.46	63.653	0	0
135.46	63.753	0	0
135.46	63.853	0	0
135.46	63.953	0	0
135.46	64.053	0	0
135.46	64.153	0	0
135.46	64.253	0	0
135.46	64.353	0	0
135.46	64.453	0	0
135.46	64.553	0	0
135.46	64.653	0	0
135.46	64.753	0	0
135.46	64.853	0	0
135.46	64.953	0	0
135.46	65.053	0	0
135.46	65.153	0	0
135.46	65.253	0	0
135.46	65.353	0	0
135.46	65.453	0	0
135.46	65.553	0	0
135.46	65.653	0	0
135.46	65.753	0	0
135.46	65.853	0	0
135.46	65.953	0	0
135.46	66.053	0	0
135.46	66.153	0	0
135.46	66.253	0	0
135.46	66.353	0	0
135.46	66.453	0	0
135.46	66.553	0	0
135.46	66.653	0	0
135.46	66.753	0	0
135.46	66.853	0	0
135.46	66.953	0	0
135.46	67.053	0	0
135.46	67.153	0	0
135.46	67.253	0	0
135.46	67.353	0	0
135.46	67.453	0	0
135.46	67.553	0	0
135.46	67.653	0	0
135.46	67.753	0	0
135.46	67.853	0	0
135.46	67.953	0	0
135.46	68.053	0	0
135.46	68.153	0	0
135.46	68.253	0	0
135.46	68.353	0	0
135.46	68.453	0	0
135.46	68.553	0	0
135.46	68.653	0	0
135.46	68.753	0	0
135.46	68.853	0	0
135.46	68.953	0	0
135.46	69.053	0	0
135.46	69.153	0	0
135.46	69.253	0	0
135.46	69.353	0	0
135.46	69.453	0	0
135.46	69.553	0	0
135.46	69.653	0	0
135.46	69.753	0	0
135.46	69.853	0	0
135.46	69.953	0	0
135.46	70.053	0	0
135.46	70.153	0	0
135.46	70.253	0	0
135.46	70.353	0	0
135.46	70.453	0	0
135.46	70.553	0	0
135.46	70.653	0	0
135.46	70.753	0	0
135.46	70.853	0	0
135.46	70.953	0	0
135.46	71.053	0	0
135.46	71.153	0	0
135.46	71.253	0	0
135.46	71.353	0	0
135.46	71.453	0	0
135.46	71.553	0	0
135.46	71.653	0	0
135.46	71.753	0	0
135.46	71.853	0	0
135.46	71.953	0	0
135.46	72.053	0	0
135.46	72.153	0	0
135.46	72.253	0	0
135.46	72.353	0	0
135.46	72.453	0	0
135.46	72.553	0	0
135.46	72.653	0	0
135.46	72.753	0	0
135.46	72.853	0	0
135.46	72.953	0	0
135.46	73.053	0	0
135.46	73.153	0	0
135.46	73.253	0	0
135.46	73.353	0	0
135.46	73.453	0	0
135.46	73.553	0	0
135.46	73.653	0	0
135.46	73.753	0	0
135.46	73.853	0	0
135.46	73.953	0	0
135.46	74.053	0	0
135.46	74.153	0	0
135.46	74.253	0	0
135.46	74.353	0	0
135.46	74.453	0	0
135.46	74.553	0	0
135.46	74.653	0	0
135.46	74.753	0	0
135.46	74.853	0	0
135.46	74.953	0	0
135.46	75.053	0	0
135.46	75.153	0	0
135.46	75.253	0	0
135.46	75.353	0	0
135.46	75.453	0	0
135.46	75.553	0	0
135.46	75.653	0	0
135.46	75.753	0	0
135.46	75.853	0	0
135.46	75.953	0	0
135.46	76.053	0	0
135.46	76.153	0	0
135.46	76.253	0	0
135.46	76.353	0	0
135.46	76.453	0	0
135.46	76.553	0	0
135.46	76.653	0	0
135.46	76.753	0	0
135.46	76.853	0	0
135.46	76.953	0	0
135.46	77.053	0	0
135.46	77.153	0	0
135.46	77.253	0	0
135.46	77.353	0	0
135.46	77.453	0	0
135.46	77.553	0	0
135.46	77.653	0	0
135.46	77.753	0	0
135.46	77.853	0	0
135.46	77.953	0	0
135.46	78.053	0	0
135.46	78.153	0	0
135.46	78.253	0	0
135.46	78.353	0	0
135.46	78.453	0	0
135.46	78.553	0	0
135.46	78.653	0	0
135.46	78.753	0	0
135.46	78.853	0	0
135.46	78.953	0	0
135.46	79.053	0	0
135.46	79.153	0	0
135.46	79.253	0	0
135.46	79.353	0	0
135.46	79.453	0	0
135.46	79.553	0	0
135.46	79.653	0	0
135.46	79.753	0	0
135.46	79.853	0	0
135.46	79.953	0	0
135.46	80.053	0	0
135.46	80.153	0	0
135.46	80.253	0	0
135.46	80.353	0	0
135.46	80.453	0	0
135.46	80.553	0	0
135.46	80.653	0	0
135.46	80.753	0	0
135.46	80.853	0	0
135.46	80.953	0	0
135.46	81.053	0	0
135.46	81.153	0	0
135.46	81.253	0	0
135.46	81.353	0	0
135.46	81.453	0	0
135.46	81.553	0	0
135.46	81.653	0	0
135.46	81.753	0	0
135.46	81.853	0	0
135.46	81.953	0	0
135.46	82.053	0	0
135.46	82.153	0	0
135.46	82.253	0	0
135.46	82.353	0	0
135.46	82.453	0	0
135.46	82.553	0	0
135.46	82.653	0	0
135.46	82.753	0	0
135.46	82.853	0	0
135.46	82.953	0	0
135.46	83.053	0	0
135.46	83.153	0	0
135.46	83.253	0	0
135.46	83.353	0	0
135.46	83.453	0	0
135.46	83.553	0	0
135.46	83.653	0	0
135.46	83.753	0	0
135.46	83.853	0	0
135.46	83.953	0	0
135.46	84.053	0	0
135.46	84.153	0	0
135.46	84.253	0	0
135.46	84.353	0	0
135.46	84.453	0	0
135.46	84.553	0	0
135.46	84.653	0	0
135.46	84.753	0	0
135.46	84.853	0	0
135.46	84.953	0	0
135.46	85.053	0	0
135.46	85.153	0	0
135.46	85.253	0	0
135.46	85.353	0	0
135.46	85.453	0	0
135.46	85.553	0	0
135.46	85.653	0	0
135.46	85.753	0	0
135.46	85.853	0	0
135.46	85.953	0	0
135.46	86.053	0	0
135.46	86.153	0	0
135.46	86.253	0	0
135.46	86.353	0	0
135.46	86.453	0	0
135.46	86.553	0	0
135.46	86.653	0	0
135.46	86.753	0	0
135.46	86.853	0	0
135.46	86.953	0	0
135.46	87.053	0	0
135.46	87.153	0	0
135.46	87.253	0	0
135.46	87.353	0	0
135.46	87.453	0	0
135.46	87.553	0	0
135.46	87.653	0	0
135.46	87.753	0	0
135.46	87.853	0	0
135.46	87.953	0	0
135.46	88.053	0	0
135.46	88.153	0	0
135.46	88.253	0	0
135.46	88.353	0	0
135.46	88.453	0	0
135.46	88.553	0	0
135.46	88.653	0	0
135.46	88.753	0	0
135.46	88.853	0	0
135.46	88.953	0	0
135.46	89.053	0	0
135.46	89.153	0	0
135.46	89.253	0	0
135.46	89.353	0	0
135.46	89.453	0	0
135.46	89.553	0	0
135.46	89.653	0	0
135.46	89.753	0	0
135.46	89.853	0	0
135.46	89.953	0	0
135.46	90.053	0	0
135.46	90.153	0	0
135.46	90.253	0	0
135.46	90.353	0	0
135.46	90.453	0	0
135.46	90.553	0	0
135.46	90.653	0	0
135.36	90.653	0	0
135.26	90.653	0	0
135.16	90.653	0	0
135.06	90.653	0	0
134.96	90.653	0	0
134.86	90.653	0	0
134.86	90.753	0	0
134.86	90.853	0	0
134.86	90.953	0	0
134.86	91.053	0	0
134.86	91.153	0	0
134.86	91.253	0	0
134.86	91.353	0	0
134.86	91.453	0	0
134.86	91.553	0	0
134.86	91.653	0	0
134.76	91.653	0	0
134.66	91.653	0	0
134.56	91.653	0	0
134.46	91.653	0	0
134.36	91.653	0	0
134.36	91.753	0	0
134.36	91.853	0	0
134.36	91.953	0	0
134.36	92.053	0	0
134.36	92.153	0	0
134.26	92.153	0	0
134.16	92.153	0	0
134.06	92.153	0	0
133.96	92.153	0	0
133.86	92.153	0	0
133.76	92.153	0	0
133.66	92.153	0	0
133.56	92.153	0	0
133.46	92.153	0	0
133.36	92.153	0	0
133.36	92.253	0	0
133.36	92.353	0	0
133.36	92.453	0	0
133.36	92.553	0	0
133.36	92.653	0	0
133.26	92.653	0	0
133.16	92.653	0	0
133.06	92.653	0	0
132.96	92.653	0	0
132.86	92.653	0	0
132.86	92.753	0	0
132.86	92.853	0	0
132.86	92.953	0	0
132.86	93.053	0	0
132.86	93.153	0	0
132.86	93.253	0	0
132.76	93.253	0	0
132.66	93.253	0	0
132.56	93.253	0	0
132.46	93.253	0	0
132.36	93.253	0	0
132.36	93.353	0	0
132.36	93.453	0	0
132.36	93.553	0	0
132.36	93.653	0	0
132.26	93.653	0	0
132.16	93.653	0	0
132.06	93.653	0	0
131.96	93.653	0	0
131.86	93.653	0	0
131.76	93.653	0	0
131.66	93.653	0	0
131.56	93.653	0	0
131.46	93.653	0	0
131.36	93.653	0	0
131.36	93.753	0	0
131.36	93.853	0	0
131.36	93.953	0	0
131.36	94.053	0	0
131.36	94.153	0	0
131.36	94.253	0	0
131.26	94.253	0	0
131.16	94.253	0	0
131.06	94.253	0	0
130.96	94.253	0	0
130.86	94.253	0	0
130.76	94.253	0	0
130.66	94.253	0	0
130.56	94.253	0	0
130.46	94.253	0	0
130.36	94.253	0	0
130.26	94.253	0	0
130.16	94.253	0	0
130.06	94.253	0	0
129.96	94.253	0	0
129.86	94.253	0	0
129.76	94.253	0	0
129.66	94.253	0	0
129.56	94.253	0	0
129.46	94.253	0	0
129.36	94.253	0	0
129.36	94.353	0	0
129.36	94.453	0	0
129.36	94.553	0	0
129.36	94.653	0	0
129.36	94.753	0	0
129.26	94.753	0	0
129.16	94.753	0	0
129.06	94.753	0	0
128.96	94.753	0	0
128.86	94.753	0	0
128.76	94.753	0	0
128.76	94.853	0	0
128.76	94.953	0	0
128.76	95.053	0	0
128.76	95.153	0	0
128.76	95.253	0	0
128.66	95.253	0	0
128.56	95.253	0	0
128.46	95.253	0	0
128.36	95.253	0	0
128.26	95.253	0	0
128.16	95.253	0	0
128.06	95.253	0	0
127.96	95.253	0	0
127.86	95.253	0	0
127.76	95.253	0	0
127.66	95.253	0	0
127.56	95.253	0	0
127.46	95.253	0	0
127.36	95.253	0	0
127.26	95.253	0	0
127.16	95.253	0	0
127.06	95.253	0	0
126.96	95.253	0	0
126.86	95.253	0	0
126.76	95.253	0	0
126.66	95.253	0	0
126.56	95.253	0	0
126.46	95.253	0	0
126.36	95.253	0	0
126.26	95.253	0	0
126.16	95.253	0	0
126.06	95.253	0	0
125.96	95.253	0	0
125.86	95.253	0	0
125.76	95.253	0	0
125.66	95.253	0	0
125.56	95.253	0	0
125.46	95.253	0	0
125.36	95.253	0	0
125.26	95.253	0	0
125.16	95.253	0	0
125.06	95.253	0	0
124.96	95.253	0	0
124.86	95.253	0	0
124.76	95.253	0	0
124.66	95.253	0	0
124.56	95.253	0	0
124.46	95.253	0	0
124.36	95.253	0	0
124.26	95.253	0	0
124.16	95.253	0	0
124.06	95.253	0	0
123.96	95.253	0	0
123.86	95.253	0	0
123.76	95.253	0	0
123.66	95.253	0	0
123.56	95.253	0	0
123.46	95.253	0	0
123.36	95.253	0	0
123.26	95.253	0	0
123.16	95.253	0	0
123.06	95.253	0	0
122.96	95.253	0	0
122.86	95.253	0	0
122.76	95.253	0	0
122.66	95.253	0	0
122.56	95.253	0	0
122.46	95.253	0	0
122.36	95.253	0	0
122.26	95.253	0	0
122.16	95.253	0	0
122.06	95.253	0	0
121.96	95.253	0	0
121.86	95.253	0	0
121.76	95.253	0	0
121.66	95.253	0	0
121.56	95.253	0	0
121.46	95.253	0	0
121.36	95.253	0	0
121.26	95.253	0	0
121.16	95.253	0	0
121.06	95.253	0	0
120.96	95.253	0	0
120.86	95.253	0	0
120.76	95.253	0	0
120.66	95.253	0	0
120.56	95.253	0	0
120.46	95.253	0	0
120.36	95.253	0	0
120.26	95.253	0	0
120.16	95.253	0	0
120.06	95.253	0	0
119.96	95.253	0	0
119.86	95.253	0	0
119.76	95.253	0	0
119.66	95.253	0	0
119.56	95.253	0	0
119.46	95.253	0	0
119.36	95.253	0	0
119.26	95.253	0	0
119.16	95.253	0	0
119.06	95.253	0	0
118.96	95.253	0	0
118.86	95.253	0	0
118.76	95.253	0	0
118.66	95.253	0	0
118.56	95.253	0	0
118.46	95.253	0	0
118.36	95.253	0	0
118.26	95.253	0	0
118.16	95.253	0	0
118.06	95.253	0	0
117.96	95.253	0	0
117.86	95.253	0	0
117.76	95.253	0	0
117.66	95.253	0	0
117.56	95.253	0	0
117.46	95.253	0	0
117.36	95.253	0	0
117.26	95.253	0	0
117.16	95.253	0	0
117.06	95.253	0	0
116.96	95.253	0	0
116.86	95.253	0	0
116.76	95.253	0	0
116.66	95.253	0	0
116.56	95.253	0	0
116.46	95.253	0	0
116.36	95.253	0	0
116.26	95.253	0	0
116.16	95.253	0	0
116.06	95.253	0	0
115.96	95.253	0	0
115.86	95.253	0	0
115.76	95.253	0	0
115.66	95.253	0	0
115.56	95.253	0	0
115.46	95.253	0	0
115.36	95.253	0	0
115.26	95.253	0	0
115.16	95.253	0	0
115.06	95.253	0	0
114.96	95.253	0	0
114.86	95.253	0	0
114.76	95.253	0	0
114.66	95.253	0	0
114.56	95.253	0	0
114.46	95.253	0	0
114.36	95.253	0	0
114.26	95.253	0	0
114.16	95.253	0	0
114.06	95.253	0	0
113.96	95.253	0	0
113.86	95.253	0	0
113.76	95.253	0	0
113.66	95.253	0	0
113.56	95.253	0	0
113.46	95.253	0	0
113.36	95.253	0	0
113.26	95.253	0	0
113.16	95.253	0	0
113.06	95.253	0	0
112.96	95.253	0	0
112.86	95.253	0	0
112.76	95.253	0	0
112.66	95.253	0	0
112.56	95.253	0	0
112.46	95.253	0	0
112.36	95.253	0	0
112.26	95.253	0	0
112.16	95.253	0	0
112.06	95.253	0	0
111.96	95.253	0	0
111.86	95.253	0	0
111.76	95.253	0	0
111.66	95.253	0	0
111.56	95.253	0	0
111.46	95.253	0	0
111.36	95.253	0	0
111.26	95.253	0	0
111.16	95.253	0	0
111.06	95.253	0	0
110.96	95.253	0	0
110.86	95.253	0	0
110.76	95.253	0	0
110.66	95.253	0	0
110.56	95.253	0	0
110.46	95.253	0	0
110.46	95.153	0	0
110.46	95.053	0	0
110.46	94.953	0	0
110.46	94.853	0	0
110.46	94.753	0	0
110.46	94.653	0	0
110.36	94.653	0	0
110.26	94.653	0	0
110.16	94.653	0	0
110.06	94.653	0	0
109.96	94.653	0	0
109.96	94.553	0	0
109.96	94.453	0	0
109.96	94.353	0	0
109.96	94.253	0	0
109.96	94.153	0	0
109.86	94.153	0	0
109.76	94.153	0	0
109.66	94.153	0	0
109.56	94.153	0	0
109.46	94.153	0	0
109.36	94.153	0	0
109.26	94.153	0	0
109.16	94.153	0	0
109.06	94.153	0	0
108.96	94.153	0	0
108.96	94.053	0	0
108.96	93.953	0	0
108.96	93.853	0	0
108.96	93.753	0	0
108.96	93.653	0	0
108.96	93.553	0	0
108.96	93.453	0	0
108.96	93.353	0	0
108.96	93.253	0	0
108.96	93.153	0	0
108.96	93.053	0	0
108.96	92.953	0	0
108.96	92.853	0	0
108.96	92.753	0	0
108.96	92.653	0	0
108.96	92.553	0	0
108.86	92.553	0	0
108.76	92.553	0	0
108.66	92.553	0	0
108.56	92.553	0	0
108.46	92.553	0	0
108.36	92.553	0	0
108.26	92.553	0	0
108.16	92.553	0	0
108.06	92.553	0	0
107.96	92.553	0	0
107.86	92.553	0	0
107.86	92.453	0	0
107.86	92.353	0	0
107.86	92.253	0	0
107.86	92.153	0	0
107.86	92.053	0	0
107.76	92.053	0	0
107.66	92.053	0	0
107.56	92.053	0	0
107.46	92.053	0	0
107.36	92.053	0	0
107.36	91.953	0	0
107.36	91.853	0	0
107.36	91.753	0	0
107.36	91.653	0	0
107.36	91.553	0	0
107.26	91.553	0	0
107.16	91.553	0	0
107.06	91.553	0	0
106.96	91.553	0	0
106.86	91.553	0	0
106.76	91.553	0	0
106.66	91.553	0	0
106.56	91.553	0	0
106.46	91.553	0	0
106.36	91.553	0	0
106.26	91.553	0	0
106.16	91.553	0	0
106.06	91.553	0	0
105.96	91.553	0	0
105.86	91.553	0	0
105.86	91.453	0	0
105.86	91.353	0	0
105.86	91.253	0	0
105.86	91.153	0	0
105.86	91.053	0	0
105.76	91.053	0	0
105.66	91.053	0	0
105.56	91.053	0	0
105.46	91.053	0	0
105.36	91.053	0	0
105.26	91.053	0	0
105.16	91.053	0	0
105.06	91.053	0	0
104.96	91.053	0	0
104.86	91.053	0	0
104.76	91.053	0	0
104.66	91.053	0	0
104.56	91.053	0	0
104.46	91.053	0	0
104.36	91.053	0	0
104.36	90.953	0	0
104.36	90.853	0	0
104.36	90.753	0	0
104.36	90.653	0	0
104.36	90.553	0	0
104.26	90.553	0	0
104.16	90.553	0	0
104.06	90.553	0	0
103.96	90.553	0	0
103.86	90.553	0	0
103.86	90.453	0	0
103.86	90.353	0	0
103.86	90.253	0	0
103.86	90.153	0	0
103.86	90.053	0	0
103.76	90.053	0	0
103.66	90.053	0	0
103.56	90.053	0	0
103.46	90.053	0	0
103.36	90.053	0	0
103.26	90.053	0	0
103.16	90.053	0	0
103.06	90.053	0	0
102.96	90.053	0	0
102.86	90.053	0	0
102.76	90.053	0	0
102.76	89.953	0	0
102.76	89.853	0	0
102.76	89.753	0	0
102.76	89.653	0	0
102.76	89.553	0	0
102.66	89.553	0	0
102.56	89.553	0	0
102.46	89.553	0	0
102.36	89.553	0	0
102.36	89.453	0	0
102.36	89.353	0	0
102.36	89.253	0	0
102.36	89.153	0	0
102.36	89.053	0	0
102.26	89.053	0	0
102.16	89.053	0	0
102.06	89.053	0	0
101.96	89.053	0	0
101.86	89.053	0	0
101.76	89.053	0	0
101.76	88.953	0	0
101.76	88.853	0	0
101.76	88.753	0	0
101.76	88.653	0	0
101.76	88.553	0	0
101.66	88.553	0	0
101.56	88.553	0	0
101.46	88.553	0	0
101.36	88.553	0	0
101.26	88.553	0	0
101.16	88.553	0	0
101.06	88.553	0	0
100.96	88.553	0	0
100.86	88.553	0	0
100.76	88.553	0	0
100.66	88.553	0	0
100.56	88.553	0	0
100.46	88.553	0	0
100.36	88.553	0	0
100.26	88.553	0	0
100.16	88.553	0	0
100.06	88.553	0	0
99.958	88.553	0	0
99.858	88.553	0	0
99.758	88.553	0	0
99.658	88.553	0	0
99.558	88.553	0	0
99.458	88.553	0	0
99.358	88.553	0	0
99.258	88.553	0	0
99.158	88.553	0	0
99.058	88.553	0	0
98.958	88.553	0	0
98.858	88.553	0	0
98.758	88.553	0	0
98.758	88.453	0	0
98.758	88.353	0	0
98.758	88.253	0	0
98.758	88.153	0	0
98.758	88.053	0	0
98.758	87.953	0	0
98.758	87.853	0	0
98.758	87.753	0	0
98.758	87.653	0	0
98.758	87.553	0	0
98.758	87.453	0	0
98.758	87.353	0	0
98.758	87.253	0	0
98.758	87.153	0	0
98.758	87.053	0	0
98.758	86.953	0	0
98.758	86.853	0	0
98.758	86.753	0	0
98.758	86.653	0	0
98.758	86.553	0	0
98.758	86.453	0	0
98.658	86.453	0	0
98.558	86.453	0	0
98.458	86.453	0	0
98.358	86.453	0	0
98.258	86.453	0	0
98.158	86.453	0	0
98.058	86.453	0	0
97.958	86.453	0	0
97.858	86.453	0	0
97.758	86.453	0	0
97.658	86.453	0	0
97.558	86.453	0	0
97.458	86.453	0	0
97.358	86.453	0	0
97.258	86.453	0	0
97.158	86.453	0	0
97.058	86.453	0	0
96.958	86.453	0	0
96.858	86.453	0	0
96.758	86.453	0	0
96.658	86.453	0	0
96.558	86.453	0	0
96.458	86.453	0	0
96.358	86.453	0	0
96.258	86.453	0	0
96.158	86.453	0	0
96.058	86.453	0	0
95.958	86.453	0	0
95.858	86.453	0	0
95.758	86.453	0	0
95.658	86.453	0	0
95.558	86.453	0	0
95.458	86.453	0	0
95.358	86.453	0	0
95.258	86.453	0	0
95.158	86.453	0	0
95.058	86.453	0	0
94.958	86.453	0	0
94.858	86.453	0	0
94.758	86.453	0	0
94.658	86.453	0	0
94.558	86.453	0	0
94.458	86.453	0	0
94.358	86.453	0	0
94.258	86.453	0	0
94.158	86.453	0	0
94.058	86.453	0	0
93.958	86.453	0	0
93.858	86.453	0	0
93.758	86.453	0	0
93.658	86.453	0	0
93.558	86.453	0	0
93.458	86.453	0	0
93.358	86.453	0	0
93.258	86.453	0	0
93.158	86.453	0	0
93.058	86.453	0	0
92.958	86.453	0	0
92.858	86.453	0	0
92.758	86.453	0	0
92.658	86.453	0	0
92.558	86.453	0	0
92.458	86.453	0	0
92.358	86.453	0	0
92.258	86.453	0	0
92.158	86.453	0	0
92.058	86.453	0	0
91.958	86.453	0	0
91.858	86.453	0	0
91.758	86.453	0	0
91.658	86.453	0	0
91.558	86.453	0	0
91.458	86.453	0	0
91.358	86.453	0	0
91.258	86.453	0	0
91.158	86.453	0	0
91.058	86.453	0	0
90.958	86.453	0	0
90.858	86.453	0	0
90.758	86.453	0	0
90.658	86.453	0	0
90.558	86.453	0	0
90.458	86.453	0	0
90.358	86.453	0	0
90.258	86.453	0	0
90.158	86.453	0	0
90.058	86.453	0	0
89.958	86.453	0	0
89.858	86.453	0	0
89.758	86.453	0	0
89.658	86.453	0	0
89.558	86.453	0	0
89.458	86.453	0	0
89.358	86.453	0	0
89.258	86.453	0	0
89.158	86.453	0	0
89.058	86.453	0	0
88.958	86.453	0	0
88.858	86.453	0	0
88.758	86.453	0	0
88.658	86.453	0	0
88.558	86.453	0	0
88.458	86.453	0	0
88.358	86.453	0	0
88.258	86.453	0	0
88.158	86.453	0	0
88.058	86.453	0	0
87.958	86.453	0	0
87.858	86.453	0	0
87.758	86.453	0	0
87.658	86.453	0	0
87.558	86.453	0	0
87.458	86.453	0	0
87.358	86.453	0	0
87.258	86.453	0	0
87.158	86.453	0	0
87.058	86.453	0	0
86.958	86.453	0	0
86.858	86.453	0	0
86.758	86.453	0	0
86.658	86.453	0	0
86.558	86.453	0	0
86.458	86.453	0	0
86.358	86.453	0	0
86.258	86.453	0	0
86.158	86.453	0	0
86.058	86.453	0	0
85.958	86.453	0	0
85.858	86.453	0	0
85.758	86.453	0	0
85.658	86.453	0	0
85.558	86.453	0	0
85.458	86.453	0	0
85.358	86.453	0	0
85.258	86.453	0	0
85.158	86.453	0	0
85.058	86.453	0	0
84.958	86.453	0	0
84.858	86.453	0	0
84.758	86.453	0	0
84.658	86.453	0	0
84.558	86.453	0	0
84.458	86.453	0	0
84.358	86.453	0	0
84.258	86.453	0	0
84.158	86.453	0	0
84.058	86.453	0	0
83.958	86.453	0	0
83.858	86.453	0	0
83.758	86.453	0	0
83.658	86.453	0	0
83.558	86.453	0	0
83.458	86.453	0	0
83.358	86.453	0	0
83.258	86.453	0	0
83.158	86.453	0	0
83.058	86.453	0	0
82.958	86.453	0	0
82.858	86.453	0	0
82.758	86.453	0	0
82.658	86.453	0	0
82.558	86.453	0	0
82.458	86.453	0	0
82.358	86.453	0	0
82.258	86.453	0	0
82.158	86.453	0	0
82.058	86.453	0	0
81.958	86.453	0	0
81.858	86.453	0	0
81.758	86.453	0	0
81.658	86.453	0	0
81.558	86.453	0	0
81.458	86.453	0	0
81.358	86.453	0	0
81.258	86.453	0	0
81.158	86.453	0	0
81.058	86.453	0	0
80.958	86.453	0	0
80.858	86.453	0	0
80.758	86.453	0	0
80.658	86.453	0	0
80.558	86.453	0	0
80.458	86.453	0	0
80.358	86.453	0	0
80.258	86.453	0	0
80.158	86.453	0	0
80.058	86.453	0	0
79.958	86.453	0	0
79.858	86.453	0	0
79.758	86.453	0	0
79.658	86.453	0	0
79.558	86.453	0	0
79.458	86.453	0	0
79.358	86.453	0	0
79.258	86.453	0	0
79.158	86.453	0	0
79.058	86.453	0	0
78.958	86.453	0	0
78.858	86.453	0	0
78.758	86.453	0	0
78.658	86.453	0	0
78.558	86.453	0	0
78.458	86.453	0	0
78.358	86.453	0	0
78.258	86.453	0	0
78.158	86.453	0	0
78.058	86.453	0	0
77.958	86.453	0	0
77.858	86.453	0	0
77.758	86.453	0	0
77.658	86.453	0	0
77.558	86.453	0	0
77.458	86.453	0	0
77.358	86.453	0	0
77.258	86.453	0	0
77.158	86.453	0	0
77.058	86.453	0	0
76.958	86.453	0	0
76.858	86.453	0	0
76.758	86.453	0	0
76.658	86.453	0	0
76.558	86.453	0	0
76.458	86.453	0	0
76.358	86.453	0	0
76.258	86.453	0	0
76.158	86.453	0	0
76.058	86.453	0	0
75.958	86.453	0	0
75.858	86.453	0	0
75.758	86.453	0	0
75.658	86.453	0	0
75.558	86.453	0	0
75.458	86.453	0	0
75.358	86.453	0	0
75.258	86.453	0	0
75.158	86.453	0	0
75.058	86.453	0	0
74.958	86.453	0	0
74.858	86.453	0	0
74.758	86.453	0	0
74.658	86.453	0	0
74.558	86.453	0	0
74.458	86.453	0	0
74.358	86.453	0	0
74.258	86.453	0	0
74.158	86.453	0	0
74.058	86.453	0	0
73.958	86.453	0	0
73.858	86.453	0	0
73.758	86.453	0	0
73.758	86.553	0	0
73.758	86.653	0	0
73.758	86.753	0	0
73.758	86.853	0	0
73.758	86.953	0	0
73.758	87.053	0	0
73.758	87.153	0	0
73.758	87.253	0	0
73.758	87.353	0	0
73.758	87.453	0	0
73.758	87.553	0	0
73.658	87.553	0	0
73.558	87.553	0	0
73.458	87.553	0	0
73.358	87.553	0	0
73.258	87.553	0	0
73.158	87.553	0	0
73.058	87.553	0	0
72.958	87.553	0	0
72.858	87.553	0	0
72.758	87.553	0	0
72.758	87.653	0	0
72.758	87.753	0	0
72.758	87.853	0	0
72.758	87.953	0	0
72.758	88.053	0	0
72.658	88.053	0	0
72.558	88.053	0	0
72.458	88.053	0	0
72.358	88.053	0	0
72.258	88.053	0	0
72.158	88.053	0	0
72.058	88.053	0	0
71.958	88.053	0	0
71.858	88.053	0	0
71.758	88.053	0	0
71.758	88.153	0	0
71.758	88.253	0	0
71.758	88.353	0	0
71.758	88.453	0	0
71.758	88.553	0	0
71.758	88.653	0	0
71.758	88.753	0	0
71.758	88.853	0	0
71.758	88.953	0	0
71.758	89.053	0	0
71.758	89.153	0	0
71.658	89.153	0	0
71.558	89.153	0	0
71.458	89.153	0	0
71.358	89.153	0	0
71.258	89.153	0	0
71.258	89.253	0	0
71.258	89.353	0	0
71.258	89.453	0	0
71.258	89.553	0	0
71.258	89.653	0	0
71.258	89.753	0	0
71.258	89.853	0	0
71.258	89.953	0	0
71.258	90.053	0	0
71.258	90.153	0	0
71.258	90.253	0	0
71.258	90.353	0	0
71.258	90.453	0	0
71.258	90.553	0	0
71.258	90.653	0	0
71.158	90.653	0	0
71.058	90.653	0	0
70.958	90.653	0	0
70.858	90.653	0	0
70.758	90.653	0	0
70.758	90.753	0	0
70.758	90.853	0	0
70.758	90.953	0	0
70.758	91.053	0	0
70.758	91.153	0	0
70.758	91.253	0	0
70.758	91.353	0	0
70.758	91.453	0	0
70.758	91.553	0	0
70.758	91.653	0	0
70.758	91.753	0	0
70.758	91.853	0	0
70.758	91.953	0	0
70.758	92.053	0	0
70.758	92.153	0	0
70.758	92.253	0	0
70.758	92.353	0	0
70.758	92.453	0	0
70.758	92.553	0	0
70.758	92.653	0	0
70.758	92.753	0	0
70.758	92.853	0	0
70.758	92.953	0	0
70.758	93.053	0	0
70.758	93.153	0	0
70.758	93.253	0	0
70.758	93.353	0	0
70.758	93.453	0	0
70.758	93.553	0	0
70.758	93.653	0	0
70.758	93.753	0	0
70.758	93.853	0	0
70.758	93.953	0	0
70.758	94.053	0	0
70.758	94.153	0	0
70.758	94.253	0	0
70.758	94.353	0	0
70.758	94.453	0	0
70.758	94.553	0	0
70.758	94.653	0	0
70.758	94.753	0	0
70.758	94.853	0	0
70.758	94.953	0	0
70.758	95.053	0	0
70.758	95.153	0	0
70.758	95.253	0	0
70.758	95.353	0	0
70.758	95.453	0	0
70.758	95.553	0	0
70.758	95.653	0	0
70.758	95.753	0	0
70.758	95.853	0	0
70.758	95.953	0	0
70.758	96.053	0	0
70.758	96.153	0	0
70.758	96.253	0	0
70.758	96.353	0	0
70.758	96.453	0	0
70.758	96.553	0	0
70.758	96.653	0	0
70.758	96.753	0	0
70.758	96.853	0	0
70.758	96.953	0	0
70.758	97.053	0	0
70.758	97.153	0	0
70.758	97.253	0	0
70.758	97.353	0	0
70.758	97.453	0	0
70.758	97.553	0	0
70.758	97.653	0	0
70.758	97.753	0	0
70.858	97.753	0	0
70.958	97.753	0	0
71.058	97.753	0	0
71.158	97.753	0	0
71.258	97.753	0	0
71.358	97.753	0	0
71.358	97.853	0	0
71.358	97.953	0	0
71.358	98.053	0	0
71.358	98.153	0	0
71.358	98.253	0	0
71.458	98.253	0	0
71.558	98.253	0	0
71.658	98.253	0	0
71.758	98.253	0	0
71.858	98.253	0	0
71.858	98.353	0	0
71.858	98.453	0	0
71.858	98.553	0	0
71.858	98.653	0	0
71.858	98.753	0	0
71.958	98.753	0	0
72.058	98.753	0	0
72.158	98.753	0	0
72.258	98.753	0	0
72.358	98.753	0	0
72.358	98.853	0	0
72.358	98.953	0	0
72.358	99.053	0	0
72.358	99.153	0	0
72.358	99.253	0	0
72.358	99.353	0	0
72.358	99.453	0	0
72.358	99.553	0	0
72.358	99.653	0	0
72.358	99.753	0	0
72.358	99.853	0	0
72.458	99.853	0	0
72.558	99.853	0	0
72.658	99.853	0	0
72.758	99.853	0	0
72.858	99.853	0	0
72.858	99.953	0	0
72.858	100.05	0	0
72.858	100.15	0	0
72.858	100.25	0	0
72.858	100.35	0	0
72.958	100.35	0	0
73.058	100.35	0	0
73.158	100.35	0	0
73.258	100.35	0	0
73.358	100.35	0	0
73.358	100.45	0	0
73.358	100.55	0	0
73.358	100.65	0	0
73.358	100.75	0	0
73.358	100.85	0	0
73.358	100.95	0	0
73.358	101.05	0	0
73.358	101.15	0	0
73.358	101.25	0	0
73.358	101.35	0	0
73.358	101.45	0	0
73.358	101.55	0	0
73.358	101.65	0	0
73.358	101.75	0	0
73.358	101.85	0	0
73.358	101.95	0	0
73.358	102.05	0	0
73.358	102.15	0	0
73.358	102.25	0	0
73.358	102.35	0	0
73.358	102.45	0	0
73.358	102.55	0	0
73.358	102.65	0	0
73.358	102.75	0	0
73.358	102.85	0	0
73.458	102.85	0	0
73.558	102.85	0	0
73.658	102.85	0	0
73.758	102.85	0	0
73.858	102.85	0	0
73.958	102.85	0	0
74.058	102.85	0	0
74.158	102.85	0	0
74.258	102.85	0	0
74.358	102.85	0	0
74.358	102.95	0	0
74.358	103.05	0	0
74.358	103.15	0	0
74.358	103.25	0	0
74.358	103.35	0	0
74.358	103.45	0	0
74.358	103.55	0	0
74.358	103.65	0	0
74.358	103.75	0	0
74.358	103.85	0	0
74.358	103.95	0	0
74.358	104.05	0	0
74.358	104.15	0	0
74.358	104.25	0	0
74.358	104.35	0	0
74.458	104.35	0	0
74.558	104.35	0	0
74.658	104.35	0	0
74.758	104.35	0	0
74.858	104.35	0	0
74.858	104.45	0	0
74.858	104.55	0	0
74.858	104.65	0	0
74.858	104.75	0	0
74.858	104.85	0	0
74.858	104.95	0	0
74.958	104.95	0	0
75.058	104.95	0	0
75.158	104.95	0	0
75.258	104.95	0	0
75.358	104.95	0	0
75.458	104.95	0	0
75.458	105.05	0	0
75.458	105.15	0	0
75.458	105.25	0	0
75.458	105.35	0	0
75.458	105.45	0	0
75.458	105.55	0	0
75.458	105.65	0	0
75.458	105.75	0	0
75.458	105.85	0	0
75.458	105.95	0	0
75.458	106.05	0	0
75.458	106.15	0	0
75.458	106.25	0	0
75.458	106.35	0	0
75.458	106.45	0	0
75.458	106.55	0	0
75.458	106.65	0	0
75.458	106.75	0	0
75.458	106.85	0	0
75.458	106.95	0	0
75.458	107.05	0	0
75.458	107.15	0	0
75.458	107.25	0	0
75.458	107.35	0	0
75.458	107.45	0	0
75.558	107.45	0	0
75.658	107.45	0	0
75.758	107.45	0	0
75.858	107.45	0	0
75.858	107.55	0	0
75.858	107.65	0	0
75.858	107.75	0	0
75.858	107.85	0	0
75.858	107.95	0	0
75.858	108.05	0	0
75.858	108.15	0	0
75.858	108.25	0	0
75.858	108.35	0	0
75.858	108.45	0	0
75.758	108.45	0	0
75.658	108.45	0	0
75.558	108.45	0	0
75.458	108.45	0	0
75.358	108.45	0	0
75.358	108.55	0	0
75.358	108.65	0	0
75.358	108.75	0	0
75.358	108.85	0	0
75.358	108.95	0	0
75.358	109.05	0	0
75.358	109.15	0	0
75.358	109.25	0	0
75.358	109.35	0	0
75.358	109.45	0	0
75.358	109.55	0	0
75.358	109.65	0	0
75.358	109.75	0	0
75.358	109.85	0	0
75.358	109.95	0	0
75.358	110.05	0	0
75.358	110.15	0	0
75.358	110.25	0	0
75.358	110.35	0	0
75.358	110.45	0	0
75.358	110.55	0	0
75.358	110.65	0	0
75.358	110.75	0	0
75.358	110.85	0	0
75.358	110.95	0	0
75.358	111.05	0	0
75.358	111.15	0	0
75.358	111.25	0	0
75.358	111.35	0	0
75.358	111.45	0	0
75.358	111.55	0	0
75.358	111.65	0	0
75.358	111.75	0	0
75.358	111.85	0	0
75.358	111.95	0	0
75.358	112.05	0	0
75.358	112.15	0	0
75.358	112.25	0	0
75.358	112.35	0	0
75.358	112.45	0	0
75.358	112.55	0	0
75.358	112.65	0	0
75.358	112.75	0	0
75.358	112.85	0	0
75.358	112.95	0	0
75.358	113.05	0	0
75.358	113.15	0	0
75.358	113.25	0	0
75.358	113.35	0	0
75.358	113.45	0	0
75.358	113.55	0	0
75.358	113.65	0	0
75.358	113.75	0	0
75.358	113.85	0	0
75.358	113.95	0	0
75.358	114.05	0	0
75.358	114.15	0	0
75.358	114.25	0	0
75.358	114.35	0	0
75.358	114.45	0	0
75.358	114.55	0	0
75.358	114.65	0	0
75.358	114.75	0	0
75.358	114.85	0	0
75.358	114.95	0	0
75.358	115.05	0	0
75.358	115.15	0	0
75.358	115.25	0	0
75.358	115.35	0	0
75.358	115.45	0	0
75.358	115.55	0	0
75.358	115.65	0	0
75.358	115.75	0	0
75.358	115.85	0	0
75.358	115.95	0	0
75.358	116.05	0	0
75.358	116.15	0	0
75.358	116.25	0	0
75.358	116.35	0	0
75.358	116.45	0	0
75.358	116.55	0	0
75.358	116.65	0	0
75.358	116.75	0	0
75.358	116.85	0	0
75.358	116.95	0	0
75.358	117.05	0	0
75.358	117.15	0	0
75.358	117.25	0	0
75.358	117.35	0	0
75.358	117.45	0	0
75.358	117.55	0	0
75.358	117.65	0	0
75.358	117.75	0	0
75.358	117.85	0	0
75.358	117.95	0	0
75.358	118.05	0	0
75.358	118.15	0	0
75.358	118.25	0	0
75.358	118.35	0	0
75.358	118.45	0	0
75.358	118.55	0	0
75.358	118.65	0	0
75.358	118.75	0	0
75.358	118.85	0	0
75.358	118.95	0	0
75.358	119.05	0	0
75.358	119.15	0	0
75.358	119.25	0	0
75.358	119.35	0	0
75.358	119.45	0	0
75.358	119.55	0	0
75.358	119.65	0	0
75.358	119.75	0	0
75.358	119.85	0	0
75.358	119.95	0	0
75.358	120.05	0	0
75.358	120.15	0	0
75.358	120.25	0	0
75.358	120.35	0	0
75.358	120.45	0	0
75.358	120.55	0	0
75.358	120.65	0	0
75.358	120.75	0	0
75.358	120.85	0	0
75.358	120.95	0	0
75.358	121.05	0	0
75.358	121.15	0	0
75.358	121.25	0	0
75.358	121.35	0	0
75.358	121.45	0	0
75.358	121.55	0	0
75.358	121.65	0	0
75.358	121.75	0	0
75.358	121.85	0	0
75.358	121.95	0	0
75.358	122.05	0	0
75.358	122.15	0	0
75.358	122.25	0	0
75.358	122.35	0	0
75.358	122.45	0	0
75.358	122.55	0	0
75.358	122.65	0	0
75.358	122.75	0	0
75.358	122.85	0	0
75.358	122.95	0	0
75.358	123.05	0	0
75.358	123.15	0	0
75.358	123.25	0	0
75.358	123.35	0	0
75.358	123.45	0	0
75.358	123.55	0	0
75.358	123.65	0	0
75.358	123.75	0	0
75.358	123.85	0	0
75.358	123.95	0	0
75.358	124.05	0	0
75.358	124.15	0	0
75.358	124.25	0	0
75.358	124.35	0	0
75.358	124.45	0	0
75.358	124.55	0	0
75.358	124.65	0	0
75.358	124.75	0	0
75.358	124.85	0	0
75.358	124.95	0	0
75.358	125.05	0	0
75.358	125.15	0	0
75.358	125.25	0	0
75.358	125.35	0	0
75.358	125.45	0	0
75.358	125.55	0	0
75.358	125.65	0	0
75.358	125.75	0	0
75.358	125.85	0	0
75.358	125.95	0	0
75.358	126.05	0	0
75.358	126.15	0	0
75.358	126.25	0	0
75.358	126.35	0	0
75.358	126.45	0	0
75.358	126.55	0	0
75.358	126.65	0	0
75.358	126.75	0	0
75.358	126.85	0	0
75.358	126.95	0	0
75.358	127.05	0	0
75.358	127.15	0	0
75.358	127.25	0	0
75.358	127.35	0	0
75.358	127.45	0	0
75.358	127.55	0	0
75.358	127.65	0	0
75.358	127.75	0	0
75.358	127.85	0	0
75.358	127.95	0	0
75.358	128.05	0	0
75.358	128.15	0	0
75.358	128.25	0	0
75.358	128.35	0	0
75.358	128.45	0	0
75.358	128.55	0	0
75.358	128.65	0	0
75.358	128.75	0	0
75.358	128.85	0	0
75.358	128.95	0	0
75.358	129.05	0	0
75.358	129.15	0	0
75.358	129.25	0	0
75.358	129.35	0	0
75.258	129.35	0	0
75.158	129.35	0	0
75.058	129.35	0	0
74.958	129.35	0	0
74.858	129.35	0	0
74.758	129.35	0	0
74.758	129.45	0	0
74.758	129.55	0	0
74.758	129.65	0	0
74.758	129.75	0	0
74.758	129.85	0	0
74.758	129.95	0	0
74.758	130.05	0	0
74.758	130.15	0	0
74.758	130.25	0	0
74.758	130.35	0	0
74.758	130.45	0	0
74.758	130.55	0	0
74.758	130.65	0	0
74.758	130.75	0	0
74.758	130.85	0	0
74.758	130.95	0	0
74.758	131.05	0	0
74.758	131.15	0	0
74.758	131.25	0	0
74.758	131.35	0	0
74.758	131.45	0	0
74.758	131.55	0	0
74.758	131.65	0	0
74.758	131.75	0	0
74.758	131.85	0	0
74.758	131.95	0	0
74.758	132.05	0	0
74.758	132.15	0	0
74.758	132.25	0	0
74.758	132.35	0	0
74.758	132.45	0	0
74.758	132.55	0	0
74.758	132.65	0	0
74.758	132.75	0	0
74.758	132.85	0	0
74.758	132.95	0	0
74.758	133.05	0	0
74.758	133.15	0	0
74.758	133.25	0	0
74.758	133.35	0	0
74.758	133.45	0	0
74.758	133.55	0	0
74.758	133.65	0	0
74.758	133.75	0	0
74.758	133.85	0	0
74.758	133.95	0	0
74.758	134.05	0	0
74.758	134.15	0	0
74.758	134.25	0	0
74.758	134.35	0	0
74.758	134.45	0	0
74.758	134.55	0	0
74.758	134.65	0	0
74.758	134.75	0	0
74.758	134.85	0	0
74.758	134.95	0	0
74.758	135.05	0	0
74.758	135.15	0	0
74.758	135.25	0	0
74.758	135.35	0	0
74.758	135.45	0	0
74.758	135.55	0	0
74.758	135.65	0	0
74.758	135.75	0	0
74.758	135.85	0	0
74.758	135.95	0	0
74.758	136.05	0	0
74.758	136.15	0	0
74.758	136.25	0	0
74.758	136.35	0	0
74.758	136.45	0	0
74.758	136.55	0	0
74.758	136.65	0	0
74.758	136.75	0	0
74.758	136.85	0	0
74.758	136.95	0	0
74.758	137.05	0	0
74.758	137.15	0	0
74.758	137.25	0	0
74.758	137.35	0	0
74.758	137.45	0	0
74.758	137.55	0	0
74.758	137.65	0	0
74.758	137.75	0	0
74.758	137.85	0	0
74.758	137.95	0	0
74.758	138.05	0	0
74.758	138.15	0	0
74.758	138.25	0	0
74.758	138.35	0	0
74.758	138.45	0	0
74.758	138.55	0	0
74.758	138.65	0	0
74.758	138.75	0	0
74.758	138.85	0	0
74.758	138.95	0	0
74.758	139.05	0	0
74.758	139.15	0	0
74.758	139.25	0	0
74.758	139.35	0	0
74.758	139.45	0	0
74.758	139.55	0	0
74.758	139.65	0	0
74.758	139.75	0	0
74.758	139.85	0	0
74.758	139.95	0	0
74.758	140.05	0	0
74.758	140.15	0	0
74.758	140.25	0	0
74.758	140.35	0	0
74.758	140.45	0	0
74.758	140.55	0	0
74.758	140.65	0	0
74.758	140.75	0	0
74.758	140.85	0	0
74.758	140.95	0	0
74.758	141.05	0	0
74.758	141.15	0	0
74.758	141.25	0	0
74.758	141.35	0	0
74.758	141.45	0	0
74.758	141.55	0	0
74.758	141.65	0	0
74.758	141.75	0	0
74.758	141.85	0	0
74.758	141.95	0	0
74.758	142.05	0	0
74.758	142.15	0	0
74.758	142.25	0	0
74.758	142.35	0	0
74.758	142.45	0	0
74.758	142.55	0	0
74.758	142.65	0	0
74.758	142.75	0	0
74.758	142.85	0	0
74.758	142.95	0	0
74.758	143.05	0	0
74.758	143.15	0	0
74.758	143.25	0	0
74.758	143.35	0	0
74.758	143.45	0	0
74.758	143.55	0	0
74.758	143.65	0	0
74.758	143.75	0	0
74.758	143.85	0	0
74.758	143.95	0	0
74.758	144.05	0	0
74.758	144.15	0	0
74.758	144.25	0	0
74.758	144.35	0	0
74.758	144.45	0	0
74.758	144.55	0	0
74.758	144.65	0	0
74.758	144.75	0	0
74.758	144.85	0	0
74.758	144.95	0	0
74.758	145.05	0	0
74.758	145.15	0	0
74.758	145.25	0	0
74.758	145.35	0	0
74.758	145.45	0	0
74.758	145.55	0	0
74.758	145.65	0	0
74.758	145.75	0	0
74.758	145.85	0	0
74.758	145.95	0	0
74.758	146.05	0	0
74.758	146.15	0	0
74.758	146.25	0	0
74.758	146.35	0	0
74.758	146.45	0	0
74.758	146.55	0	0
74.758	146.65	0	0
74.858	146.65	0	0
74.958	146.65	0	0
75.058	146.65	0	0
75.158	146.65	0	0
75.258	146.65	0	0
75.358	146.65	0	0
75.458	146.65	0	0
75.458	146.75	0	0
75.458	146.85	0	0
75.458	146.95	0	0
75.458	147.05	0	0
75.458	147.15	0	0
75.458	147.25	0	0
75.458	147.35	0	0
75.458	147.45	0	0
75.458	147.55	0	0
75.458	147.65	0	0
75.458	147.75	0	0
75.458	147.85	0	0
75.458	147.95	0	0
75.458	148.05	0	0
75.458	148.15	0	0
75.458	148.25	0	0
75.458	148.35	0	0
75.458	148.45	0	0
75.458	148.55	0	0
75.458	148.65	0	0
75.458	148.75	0	0
75.458	148.85	0	0
75.458	148.95	0	0
75.458	149.05	0	0
75.458	149.15	0	0
75.458	149.25	0	0
75.458	149.35	0	0
75.458	149.45	0	0
75.458	149.55	0	0
75.458	149.65	0	0
75.458	149.75	0	0
75.458	149.85	0	0
75.458	149.95	0	0
75.458	150.05	0	0
75.458	150.15	0	0
75.458	150.25	0	0
75.458	150.35	0	0
75.458	150.45	0	0
75.458	150.55	0	0
75.458	150.65	0	0
75.458	150.75	0	0
75.458	150.85	0	0
75.458	150.95	0	0
75.458	151.05	0	0
75.458	151.15	0	0
75.458	151.25	0	0
75.458	151.35	0	0
75.458	151.45	0	0
75.458	151.55	0	0
75.458	151.65	0	0
75.458	151.75	0	0
75.458	151.85	0	0
75.458	151.95	0	0
75.458	152.05	0	0
75.458	152.15	0	0
75.458	152.25	0	0
75.458	152.35	0	0
75.458	152.45	0	0
75.458	152.55	0	0
75.458	152.65	0	0
75.458	152.75	0	0
75.458	152.85	0	0
75.458	152.95	0	0
75.458	153.05	0	0
75.458	153.15	0	0
75.458	153.25	0	0
75.458	153.35	0	0
75.458	153.45	0	0
75.458	153.55	0	0
75.458	153.65	0	0
75.458	153.75	0	0
