0	0	59.359	30.297	0
0	0	59.042	30.297	0
0	0	58.725	30.297	0
0	0	58.372	30.297	0
0	0	58.054	30.297	0
0	0	57.702	30.297	0
0	0	57.384	30.297	0
0	0	57.032	30.297	0
0	0	56.714	30.297	0
0	0	56.397	30.297	0
0	0	56.044	30.297	0
0	0	55.727	30.297	0
0	0	55.374	30.297	0
0	0	55.056	30.297	0
0	0	54.704	30.297	0
0	0	54.386	30.297	0
0	0	54.069	30.297	0
0	0	53.716	30.297	0
0	0	53.399	30.297	0
0	0	52.729	30.297	0
0	0	52.376	30.297	0
0	0	51.706	30.297	0
0	0	51.388	30.297	0
0	0	50.718	30.297	0
0	0	50.401	30.297	0
0	0	50.048	30.297	0
0	0	49.731	30.297	0
0	0	49.378	30.297	0
0	0	49.061	30.297	0
0	0	48.39	30.65	0
0	0	48.073	30.65	0
0	0	47.403	30.65	0
0	0	46.733	30.65	0
0	0	46.415	30.65	0
0	0	46.063	30.65	0
0	0	45.745	30.65	0
0	0	45.392	30.65	0
0	0	44.722	30.967	0
0	0	44.405	30.967	0
0	0	44.088	30.967	0
0	0	43.735	30.967	0
0	0	43.065	30.967	0
0	0	42.077	31.32	0
0	0	41.724	31.32	0
0	0	41.407	31.32	0
0	0	41.09	31.32	0
0	0	40.737	31.637	0
0	0	40.419	31.637	0
0	0	40.067	31.955	0
0	0	39.749	32.307	0
0	0	39.397	32.307	0
0	0	39.079	32.307	0
0	0	38.762	32.625	0
0	0	38.409	32.625	0
0	0	38.092	32.977	0
0	0	37.739	32.977	0
0	0	37.069	32.977	0
0	0	36.751	32.977	0
0	0	36.081	32.977	0
0	0	35.764	32.977	0
0	0	35.411	32.977	0
0	0	35.094	32.977	0
0	0	34.424	33.295	0
0	0	34.071	33.295	0
0	0	33.753	33.295	0
0	0	33.083	33.965	0
0	0	32.766	33.965	0
0	0	32.096	33.965	0
0	0	32.096	34.282	0
0	0	31.743	34.282	0
0	0	31.743	34.635	0
0	0	31.108	34.953	0
0	0	31.108	35.305	0
0	0	30.755	35.305	0
0	0	30.438	35.305	0
0	0	30.085	35.305	0
0	0	29.768	35.623	0
0	0	29.098	35.975	0
0	0	28.78	36.293	0
0	0	28.428	36.293	0
0	0	27.757	36.61	0
0	0	27.44	36.963	0
0	0	27.087	36.963	0
0	0	26.77	37.28	0
0	0	26.453	37.28	0
0	0	26.1	37.633	0
0	0	25.782	37.951	0
0	0	25.782	38.303	0
0	0	25.43	38.621	0
0	0	24.76	38.973	0
0	0	24.442	39.291	0
0	0	24.089	39.608	0
0	0	24.089	39.961	0
0	0	23.455	40.278	0
0	0	23.102	40.278	0
0	0	22.784	40.278	0
0	0	22.784	40.631	0
0	0	22.114	40.948	0
0	0	21.762	40.948	0
0	0	21.762	41.301	0
0	0	21.444	41.301	0
0	0	21.127	41.619	0
0	0	20.774	41.936	0
0	0	20.774	42.289	0
0	0	20.457	42.289	0
0	0	20.104	42.606	0
0	0	19.786	43.276	0
0	0	19.116	43.946	0
0	0	18.799	44.264	0
0	0	18.446	44.264	0
0	0	18.446	44.617	0
0	0	18.446	44.934	0
0	0	18.446	45.287	0
0	0	18.129	45.604	0
0	0	17.776	45.957	0
0	0	17.776	46.274	0
0	0	17.459	46.274	0
0	0	17.459	46.592	0
0	0	17.459	47.262	0
0	0	17.106	47.262	0
0	0	17.106	47.615	0
0	0	17.106	47.932	0
0	0	17.106	48.285	0
0	0	17.106	48.602	0
0	0	16.789	48.955	0
0	0	16.789	49.272	0
0	0	16.789	49.59	0
0	0	16.436	49.59	0
0	0	16.436	49.942	0
0	0	16.436	50.26	0
0	0	16.118	50.26	0
0	0	15.801	50.612	0
0	0	15.801	50.93	0
0	0	15.448	51.283	0
0	0	15.131	51.283	0
0	0	15.131	51.6	0
0	0	14.778	51.6	0
0	0	14.778	52.27	0
0	0	14.461	52.27	0
0	0	14.461	52.588	0
0	0	14.108	52.94	0
0	0	13.791	52.94	0
0	0	13.791	53.258	0
0	0	13.791	53.61	0
0	0	13.791	53.928	0
0	0	13.473	54.245	0
0	0	13.473	54.598	0
0	0	13.12	54.598	0
0	0	12.803	54.598	0
0	0	12.45	54.598	0
0	0	12.45	54.915	0
0	0	12.45	55.268	0
0	0	12.45	55.586	0
0	0	12.45	55.938	0
0	0	12.133	56.256	0
0	0	12.133	56.608	0
0	0	12.133	56.926	0
0	0	12.133	57.243	0
0	0	11.78	57.596	0
0	0	11.78	57.913	0
0	0	11.78	58.266	0
0	0	11.78	58.583	0
0	0	11.463	59.254	0
0	0	11.463	59.571	0
0	0	11.463	59.924	0
0	0	11.463	60.241	0
0	0	11.463	60.594	0
0	0	11.463	60.911	0
0	0	11.463	61.264	0
0	0	11.463	61.581	0
0	0	11.463	61.899	0
0	0	11.463	62.252	0
0	0	11.463	62.922	0
0	0	11.463	63.239	0
0	0	11.463	63.592	0
0	0	11.463	63.909	0
0	0	11.463	64.227	0
0	0	11.145	64.227	0
0	0	11.145	64.579	0
0	0	11.145	64.897	0
0	0	11.145	65.25	0
0	0	11.145	65.567	0
0	0	10.793	65.92	0
0	0	10.793	66.237	0
0	0	10.793	66.59	0
0	0	10.793	66.907	0
0	0	10.793	67.225	0
0	0	11.145	67.225	0
0	0	11.145	67.577	0
0	0	11.463	67.895	0
0	0	11.78	67.895	0
0	0	11.78	68.247	0
0	0	11.78	68.565	0
0	0	12.133	68.918	0
0	0	12.133	69.235	0
0	0	12.133	69.552	0
0	0	12.133	69.905	0
0	0	12.45	69.905	0
0	0	12.45	70.223	0
0	0	12.803	70.223	0
0	0	12.803	70.575	0
0	0	12.803	70.893	0
0	0	13.12	70.893	0
0	0	13.12	71.245	0
0	0	13.473	71.563	0
0	0	13.791	71.88	0
0	0	14.108	71.88	0
0	0	14.108	72.55	0
0	0	14.461	72.55	0
0	0	14.778	72.55	0
0	0	14.778	72.903	0
0	0	15.131	73.221	0
0	0	15.448	73.221	0
0	0	15.448	73.573	0
0	0	15.448	73.891	0
0	0	15.801	73.891	0
0	0	15.801	74.243	0
0	0	16.118	74.243	0
0	0	16.118	74.561	0
0	0	16.436	74.878	0
0	0	16.789	74.878	0
0	0	16.789	75.231	0
0	0	17.106	75.548	0
0	0	17.459	75.548	0
0	0	17.776	75.901	0
0	0	18.129	75.901	0
0	0	18.446	75.901	0
0	0	18.799	75.901	0
0	0	19.116	75.901	0
0	0	19.434	75.901	0
0	0	19.786	76.218	0
0	0	20.104	76.218	0
0	0	20.457	76.218	0
0	0	20.774	76.571	0
0	0	21.127	76.571	0
0	0	21.762	76.889	0
0	0	22.114	76.889	0
0	0	22.432	76.889	0
0	0	22.784	76.889	0
0	0	23.455	76.889	0
0	0	23.772	77.206	0
0	0	24.442	77.206	0
0	0	24.76	77.206	0
0	0	25.112	77.559	0
0	0	25.43	77.559	0
0	0	25.782	77.559	0
0	0	26.1	77.559	0
0	0	26.1	77.876	0
0	0	26.453	77.876	0
0	0	26.77	77.876	0
0	0	27.44	77.876	0
0	0	27.757	77.876	0
0	0	28.11	77.876	0
0	0	28.428	77.876	0
0	0	28.78	78.229	0
0	0	29.098	78.229	0
0	0	29.415	78.229	0
0	0	29.768	78.229	0
0	0	30.085	78.229	0
0	0	30.438	78.229	0
0	0	31.108	78.229	0
0	0	31.426	78.229	0
0	0	31.426	77.876	0
0	0	31.743	77.876	0
0	0	32.096	77.559	0
0	0	32.413	77.559	0
0	0	32.766	77.559	0
0	0	32.766	77.206	0
0	0	33.083	77.206	0
0	0	33.436	77.206	0
0	0	33.753	77.206	0
0	0	34.071	76.889	0
0	0	34.424	76.889	0
0	0	34.424	76.571	0
0	0	35.094	76.571	0
0	0	35.411	76.218	0
0	0	35.411	75.901	0
0	0	35.411	75.548	0
0	0	35.411	75.231	0
0	0	35.411	74.878	0
0	0	35.411	74.561	0
0	0	35.411	74.243	0
0	0	35.411	73.573	0
0	0	35.411	73.221	0
0	0	35.411	72.903	0
0	0	35.764	72.903	0
0	0	35.764	72.55	0
0	0	35.764	72.233	0
0	0	35.764	71.88	0
0	0	35.764	71.563	0
0	0	35.764	71.245	0
0	0	35.764	70.893	0
0	0	35.764	70.575	0
0	0	35.764	70.223	0
0	0	35.764	69.905	0
0	0	35.764	69.552	0
0	0	35.764	69.235	0
0	0	35.764	68.918	0
0	0	35.764	68.565	0
0	0	35.764	68.247	0
0	0	35.411	68.247	0
0	0	35.411	67.895	0
0	0	35.411	67.577	0
0	0	35.411	67.225	0
0	0	35.094	67.225	0
0	0	35.094	66.907	0
0	0	34.741	66.59	0
0	0	34.424	65.92	0
0	0	34.424	65.567	0
0	0	34.424	64.897	0
0	0	34.071	64.897	0
0	0	34.071	64.579	0
0	0	34.071	63.909	0
0	0	33.436	63.239	0
0	0	33.436	62.922	0
0	0	33.083	62.569	0
0	0	33.083	62.252	0
0	0	32.766	62.252	0
0	0	32.766	61.899	0
0	0	32.766	61.581	0
0	0	32.766	61.264	0
0	0	32.766	60.911	0
0	0	32.766	60.594	0
0	0	32.766	60.241	0
0	0	32.766	59.924	0
0	0	32.766	59.571	0
0	0	32.766	58.936	0
0	0	32.766	58.583	0
0	0	32.766	58.266	0
0	0	32.413	58.266	0
0	0	32.096	57.913	0
0	0	32.096	57.596	0
0	0	32.096	57.243	0
0	0	32.096	56.256	0
0	0	31.743	54.915	0
0	0	31.743	54.598	0
0	0	31.426	54.598	0
0	0	31.426	54.245	0
0	0	31.743	53.928	0
0	0	32.096	53.928	0
0	0	32.413	53.928	0
0	0	32.766	53.61	0
0	0	33.083	53.61	0
0	0	33.436	53.61	0
0	0	33.753	53.61	0
0	0	34.071	53.61	0
0	0	34.424	53.61	0
0	0	34.741	53.928	0
0	0	34.741	54.245	0
0	0	34.741	54.598	0
0	0	35.094	54.915	0
0	0	35.411	55.268	0
0	0	36.434	56.256	0
0	0	37.069	56.256	0
0	0	37.069	56.608	0
0	0	37.421	56.926	0
0	0	38.762	57.243	0
0	0	39.397	57.596	0
0	0	39.749	57.913	0
0	0	40.067	57.913	0
0	0	40.419	57.913	0
0	0	40.419	58.266	0
0	0	40.737	58.266	0
0	0	40.737	58.583	0
0	0	41.407	58.936	0
0	0	41.724	59.254	0
0	0	42.077	59.571	0
0	0	42.395	59.924	0
0	0	42.747	59.924	0
0	0	43.065	59.924	0
0	0	43.417	59.924	0
0	0	44.722	60.911	0
0	0	45.392	61.264	0
0	0	46.415	61.581	0
0	0	47.05	61.899	0
0	0	47.72	62.252	0
0	0	47.72	62.569	0
0	0	48.073	62.569	0
0	0	48.073	62.922	0
0	0	48.743	62.922	0
0	0	49.061	63.239	0
0	0	49.378	63.592	0
0	0	49.731	63.592	0
0	0	50.048	63.909	0
0	0	50.401	64.227	0
0	0	51.071	64.579	0
0	0	51.071	64.897	0
0	0	51.071	65.567	0
0	0	51.071	65.92	0
0	0	51.071	66.237	0
0	0	51.071	66.59	0
0	0	51.071	66.907	0
0	0	51.071	67.577	0
0	0	51.071	68.565	0
0	0	51.071	68.918	0
0	0	51.388	69.235	0
0	0	52.059	70.575	0
0	0	52.376	71.245	0
0	0	52.376	71.563	0
0	0	52.729	71.88	0
0	0	53.046	72.55	0
0	0	53.399	72.903	0
0	0	53.716	73.221	0
0	0	53.716	73.573	0
0	0	54.069	73.573	0
0	0	54.386	73.573	0
0	0	55.056	73.573	0
0	0	56.397	74.243	0
0	0	56.714	74.243	0
0	0	57.384	74.561	0
0	0	57.702	74.561	0
0	0	57.702	74.878	0
0	0	58.372	74.878	0
0	0	58.725	74.878	0
0	0	59.042	74.878	0
0	0	59.359	74.878	0
0	0	59.359	75.231	0
0	0	59.712	75.231	0
0	0	60.03	75.231	0
0	0	60.382	75.231	0
0	0	61.052	75.231	0
0	0	61.37	75.231	0
0	0	61.723	75.231	0
0	0	61.723	75.548	0
0	0	62.04	75.548	0
0	0	62.357	75.548	0
0	0	62.71	75.548	0
0	0	63.38	75.548	0
0	0	64.05	75.548	0
0	0	64.368	75.548	0
0	0	65.038	75.548	0
0	0	65.355	75.548	0
0	0	65.708	75.548	0
0	0	66.025	75.548	0
0	0	66.378	75.548	0
0	0	66.696	75.548	0
0	0	67.013	75.548	0
0	0	67.013	75.231	0
0	0	67.366	75.231	0
0	0	67.366	74.878	0
0	0	67.683	74.561	0
0	0	68.353	74.561	0
0	0	68.706	74.243	0
0	0	69.023	74.243	0
0	0	69.694	73.891	0
0	0	70.011	73.221	0
0	0	70.011	72.903	0
0	0	70.364	72.903	0
0	0	70.364	72.55	0
0	0	70.364	72.233	0
0	0	70.364	71.88	0
0	0	70.364	71.563	0
0	0	70.364	71.245	0
0	0	70.681	70.893	0
0	0	70.681	70.223	0
0	0	71.034	69.905	0
0	0	71.034	69.552	0
0	0	71.034	69.235	0
0	0	71.034	68.918	0
0	0	71.034	68.565	0
0	0	71.034	68.247	0
0	0	71.034	67.895	0
0	0	71.034	67.577	0
0	0	71.034	67.225	0
0	0	71.034	66.907	0
0	0	71.034	66.59	0
0	0	71.034	66.237	0
0	0	71.351	66.237	0
0	0	71.351	65.92	0
0	0	71.351	65.567	0
0	0	71.704	65.25	0
0	0	71.704	64.897	0
0	0	72.021	64.897	0
0	0	72.021	64.579	0
0	0	72.339	64.579	0
0	0	72.339	63.909	0
0	0	72.691	63.909	0
0	0	73.009	63.592	0
0	0	73.362	63.592	0
0	0	73.679	63.239	0
0	0	73.679	62.922	0
0	0	74.032	62.922	0
0	0	74.032	62.569	0
0	0	74.032	62.252	0
0	0	74.349	62.252	0
0	0	74.667	62.252	0
0	0	75.019	62.252	0
0	0	75.337	62.252	0
0	0	75.689	61.899	0
0	0	75.689	61.581	0
0	0	76.007	61.581	0
0	0	76.36	60.911	0
0	0	76.677	60.911	0
0	0	76.677	60.594	0
0	0	76.994	60.241	0
0	0	77.347	60.241	0
0	0	77.347	59.924	0
0	0	77.665	59.571	0
0	0	77.665	59.254	0
0	0	78.017	59.254	0
0	0	78.017	58.936	0
0	0	78.335	58.583	0
0	0	78.335	58.266	0
0	0	78.687	58.266	0
0	0	78.687	57.913	0
0	0	79.005	57.596	0
0	0	79.358	57.596	0
0	0	79.675	56.926	0
0	0	79.992	56.926	0
0	0	80.345	56.608	0
0	0	80.662	56.256	0
0	0	81.015	55.938	0
0	0	81.333	55.586	0
0	0	81.685	55.586	0
0	0	82.003	55.268	0
0	0	82.32	54.915	0
0	0	82.673	54.915	0
0	0	82.99	54.245	0
0	0	83.343	54.245	0
0	0	83.66	53.928	0
0	0	84.013	53.928	0
0	0	84.013	53.61	0
0	0	84.331	53.61	0
0	0	84.648	53.258	0
0	0	85.001	52.94	0
0	0	85.318	52.588	0
0	0	85.671	52.27	0
0	0	85.988	52.27	0
0	0	85.988	51.917	0
0	0	86.341	51.6	0
0	0	86.341	51.283	0
0	0	86.658	51.283	0
0	0	86.976	50.93	0
0	0	87.329	50.93	0
0	0	87.646	50.612	0
0	0	87.999	50.26	0
0	0	87.999	49.942	0
0	0	88.316	49.942	0
0	0	88.316	49.59	0
0	0	88.669	49.59	0
0	0	88.986	49.272	0
0	0	89.339	48.955	0
0	0	89.339	48.602	0
0	0	89.656	48.285	0
0	0	89.656	47.932	0
0	0	89.656	47.615	0
0	0	89.974	47.615	0
0	0	89.974	47.262	0
0	0	90.326	46.944	0
0	0	90.326	46.592	0
0	0	90.644	45.957	0
0	0	90.644	45.604	0
0	0	90.644	45.287	0
0	0	90.997	45.287	0
0	0	90.997	44.934	0
0	0	91.667	44.617	0
0	0	91.984	44.264	0
0	0	91.984	43.946	0
0	0	92.302	43.946	0
0	0	92.302	43.629	0
0	0	92.654	43.629	0
0	0	92.972	43.276	0
0	0	93.324	43.276	0
0	0	93.324	42.959	0
0	0	93.642	42.289	0
0	0	93.642	41.936	0
0	0	93.995	41.619	0
0	0	94.312	41.619	0
0	0	94.312	41.301	0
0	0	94.629	41.301	0
0	0	94.629	40.948	0
0	0	94.629	40.631	0
0	0	94.982	40.631	0
0	0	94.982	40.278	0
0	0	95.3	40.278	0
0	0	95.652	40.278	0
0	0	95.97	39.961	0
0	0	96.322	39.961	0
0	0	96.64	39.608	0
0	0	96.993	39.608	0
0	0	97.31	39.608	0
0	0	97.627	39.608	0
0	0	97.98	39.608	0
0	0	98.297	39.608	0
0	0	98.65	39.608	0
0	0	98.968	39.608	0
0	0	99.32	39.608	0
0	0	99.638	39.608	0
0	0	99.955	39.608	0
0	0	100.31	39.608	0
0	0	100.63	39.608	0
0	0	100.98	39.608	0
0	0	101.3	39.608	0
0	0	101.65	39.608	0
0	0	101.65	39.961	0
0	0	101.65	40.278	0
0	0	101.97	40.278	0
0	0	102.28	40.278	0
0	0	102.95	40.948	0
0	0	103.62	40.948	0
0	0	103.98	40.948	0
0	0	104.29	41.301	0
0	0	104.61	41.301	0
0	0	104.96	41.301	0
0	0	105.28	41.619	0
0	0	105.63	41.936	0
0	0	105.95	41.936	0
0	0	106.3	41.936	0
0	0	106.3	42.289	0
0	0	106.62	42.289	0
0	0	106.97	42.289	0
0	0	107.61	42.289	0
0	0	107.61	42.606	0
0	0	107.96	42.606	0
0	0	108.28	42.606	0
0	0	108.63	42.959	0
0	0	109.3	43.276	0
0	0	109.94	43.276	0
0	0	110.29	43.629	0
0	0	110.61	43.629	0
0	0	110.96	43.946	0
0	0	111.28	43.946	0
0	0	111.63	44.264	0
0	0	111.95	44.264	0
0	0	112.26	44.617	0
0	0	112.93	44.617	0
0	0	113.29	44.617	0
0	0	113.6	44.617	0
0	0	113.96	44.617	0
0	0	114.27	44.617	0
0	0	114.63	44.617	0
0	0	114.94	44.617	0
0	0	115.26	44.617	0
0	0	115.62	44.617	0
0	0	115.62	44.264	0
0	0	115.62	43.946	0
0	0	115.62	43.629	0
0	0	115.62	43.276	0
0	0	115.93	43.276	0
0	0	115.93	42.959	0
0	0	115.93	42.606	0
0	0	115.93	42.289	0
0	0	115.93	41.936	0
0	0	115.93	41.619	0
0	0	115.93	41.301	0
0	0	115.93	40.948	0
0	0	115.93	40.631	0
0	0	115.62	40.278	0
0	0	115.26	39.608	0
0	0	114.94	39.291	0
0	0	114.94	38.973	0
0	0	114.27	38.973	0
0	0	114.27	38.621	0
0	0	113.96	38.303	0
0	0	112.93	37.951	0
0	0	112.62	37.633	0
0	0	112.26	37.633	0
0	0	112.26	37.28	0
0	0	112.26	36.963	0
0	0	112.26	36.61	0
0	0	112.26	36.293	0
0	0	111.95	35.975	0
0	0	111.63	35.623	0
0	0	111.63	35.305	0
0	0	111.28	34.953	0
0	0	111.28	34.635	0
0	0	111.28	34.282	0
0	0	110.96	33.965	0
0	0	110.96	33.295	0
0	0	110.61	33.295	0
0	0	110.61	32.977	0
0	0	110.29	32.977	0
0	0	110.29	32.625	0
0	0	110.29	32.307	0
0	0	110.29	31.955	0
0	0	109.94	31.955	0
0	0	109.94	31.637	0
0	0	109.94	31.32	0
0	0	109.94	30.967	0
0	0	109.94	30.297	0
0	0	109.94	29.98	0
0	0	109.94	29.627	0
0	0	109.94	29.309	0
0	0	109.94	28.322	0
0	0	109.94	27.652	0
0	0	109.94	27.299	0
0	0	109.94	26.982	0
0	0	109.94	26.629	0
0	0	109.94	26.311	0
0	0	109.94	25.641	0
0	0	109.94	25.324	0
0	0	109.94	24.971	0
0	0	109.94	24.654	0
0	0	109.94	24.301	0
0	0	109.94	23.984	0
0	0	109.94	23.666	0
0	0	109.94	23.313	0
0	0	110.29	23.313	0
0	0	110.61	23.313	0
0	0	110.96	23.313	0
0	0	111.28	23.313	0
0	0	111.63	23.313	0
0	0	111.95	23.313	0
0	0	112.26	23.313	0
0	0	112.62	23.313	0
0	0	112.93	23.313	0
0	0	113.29	23.313	0
0	0	113.6	23.313	0
0	0	113.96	23.313	0
0	0	114.27	23.313	0
0	0	114.63	23.313	0
0	0	115.26	23.313	0
0	0	115.62	23.313	0
0	0	115.93	23.313	0
0	0	116.29	23.313	0
0	0	116.6	23.313	0
0	0	116.96	23.313	0
0	0	116.96	22.996	0
0	0	117.27	22.996	0
0	0	117.59	22.996	0
0	0	117.94	22.996	0
0	0	118.26	22.996	0
0	0	118.61	22.996	0
0	0	118.93	22.996	0
0	0	119.28	22.996	0
0	0	119.6	22.996	0
0	0	119.92	22.996	0
0	0	120.27	22.996	0
0	0	120.59	22.996	0
0	0	120.94	22.996	0
0	0	121.26	22.996	0
0	0	121.61	22.996	0
0	0	121.93	22.996	0
0	0	122.25	22.996	0
0	0	122.6	22.996	0
0	0	122.92	22.996	0
0	0	123.27	22.996	0
0	0	123.27	23.313	0
0	0	123.59	23.666	0
0	0	123.59	23.984	0
0	0	123.94	23.984	0
0	0	124.26	23.984	0
0	0	124.61	23.984	0
0	0	124.93	23.984	0
0	0	125.6	24.301	0
0	0	125.91	24.654	0
0	0	126.27	24.654	0
0	0	126.58	24.654	0
0	0	127.25	24.971	0
0	0	127.57	24.971	0
0	0	127.92	24.971	0
0	0	128.24	24.971	0
0	0	128.59	24.971	0
0	0	128.91	25.324	0
0	0	129.26	25.324	0
0	0	129.58	25.324	0
0	0	129.9	25.324	0
0	0	130.25	25.641	0
0	0	130.25	25.994	0
0	0	130.57	25.994	0
0	0	130.92	25.994	0
0	0	130.92	26.311	0
0	0	131.59	26.311	0
0	0	131.91	26.311	0
0	0	132.26	26.629	0
0	0	132.58	26.629	0
0	0	132.58	26.982	0
0	0	133.25	26.982	0
0	0	133.25	27.299	0
0	0	133.57	27.299	0
0	0	133.92	27.652	0
0	0	135.23	28.322	0
0	0	135.58	28.322	0
0	0	135.9	28.322	0
0	0	135.9	28.639	0
0	0	135.9	28.957	0
0	0	136.92	29.309	0
0	0	136.92	29.627	0
0	0	137.24	29.98	0
0	0	137.55	29.98	0
0	0	137.55	30.297	0
0	0	137.55	30.65	0
0	0	137.91	30.65	0
0	0	139.25	30.967	0
0	0	139.56	31.32	0
0	0	140.23	31.637	0
0	0	140.23	31.955	0
0	0	140.9	31.955	0
0	0	141.22	32.625	0
0	0	141.57	32.977	0
0	0	141.89	32.977	0
0	0	141.89	33.295	0
0	0	142.24	33.648	0
0	0	142.56	33.965	0
0	0	142.88	33.965	0
0	0	142.88	34.282	0
0	0	142.88	34.635	0
0	0	143.23	35.305	0
0	0	143.55	35.975	0
0	0	143.9	36.293	0
0	0	144.22	36.61	0
0	0	144.57	36.61	0
0	0	144.57	36.963	0
0	0	144.57	37.633	0
0	0	144.89	37.951	0
0	0	144.89	38.303	0
0	0	145.21	38.621	0
0	0	145.56	39.608	0
0	0	145.88	39.608	0
0	0	145.88	39.961	0
0	0	146.23	40.631	0
0	0	146.23	40.948	0
0	0	146.55	41.301	0
0	0	146.9	41.619	0
0	0	146.9	41.936	0
0	0	146.9	42.289	0
0	0	146.9	42.959	0
0	0	147.22	43.276	0
0	0	147.22	43.629	0
0	0	147.22	43.946	0
0	0	147.22	44.264	0
0	0	147.22	44.617	0
0	0	146.9	44.617	0
0	0	146.9	44.934	0
0	0	146.55	45.287	0
0	0	146.55	45.604	0
0	0	146.23	45.604	0
0	0	146.23	45.957	0
0	0	145.88	45.957	0
0	0	145.88	46.274	0
0	0	145.56	46.274	0
0	0	145.56	46.592	0
0	0	145.21	46.592	0
0	0	145.21	46.944	0
0	0	144.89	47.262	0
0	0	144.89	47.615	0
0	0	144.57	47.615	0
0	0	144.22	47.932	0
0	0	143.9	48.285	0
0	0	143.55	48.602	0
0	0	142.88	48.955	0
0	0	142.56	48.955	0
0	0	142.24	48.955	0
0	0	141.89	49.272	0
0	0	141.57	49.59	0
0	0	141.57	49.942	0
0	0	141.22	49.942	0
0	0	141.22	50.26	0
0	0	140.9	50.26	0
0	0	140.9	50.612	0
0	0	140.55	50.612	0
0	0	140.23	50.612	0
0	0	139.88	50.612	0
0	0	139.56	50.612	0
0	0	138.89	50.612	0
0	0	138.89	50.93	0
0	0	138.89	51.283	0
0	0	138.58	51.283	0
0	0	138.22	51.283	0
0	0	137.91	51.283	0
0	0	137.91	51.6	0
0	0	137.55	51.6	0
0	0	137.55	51.917	0
0	0	137.24	52.27	0
0	0	137.24	52.588	0
0	0	136.92	52.588	0
0	0	136.57	52.588	0
0	0	136.25	52.94	0
0	0	135.9	52.94	0
0	0	135.58	52.94	0
0	0	135.23	52.94	0
0	0	134.91	52.94	0
0	0	134.59	52.94	0
0	0	134.59	53.258	0
0	0	134.24	53.258	0
0	0	133.92	53.258	0
0	0	133.57	53.258	0
0	0	133.25	53.258	0
0	0	133.25	53.61	0
0	0	132.9	53.928	0
0	0	132.58	53.928	0
0	0	132.26	53.928	0
0	0	131.91	53.928	0
0	0	131.59	54.245	0
0	0	131.24	54.245	0
0	0	130.92	54.245	0
0	0	130.57	54.598	0
0	0	130.25	54.598	0
0	0	129.9	54.598	0
0	0	129.9	54.915	0
0	0	129.58	54.915	0
0	0	129.26	54.915	0
0	0	128.91	54.915	0
0	0	128.91	55.268	0
0	0	128.59	55.268	0
0	0	128.24	55.586	0
0	0	127.92	55.586	0
0	0	127.92	55.938	0
0	0	127.57	55.938	0
0	0	127.25	55.938	0
0	0	126.94	56.256	0
0	0	126.58	56.256	0
0	0	126.27	56.256	0
0	0	126.27	56.608	0
0	0	125.91	56.608	0
0	0	125.6	56.608	0
0	0	125.24	56.926	0
0	0	124.93	57.243	0
0	0	124.61	57.243	0
0	0	124.26	57.243	0
0	0	123.94	57.243	0
0	0	123.94	57.596	0
0	0	123.59	57.596	0
0	0	123.27	57.913	0
0	0	122.92	57.913	0
0	0	122.6	57.913	0
0	0	122.6	58.266	0
0	0	122.25	58.266	0
0	0	121.93	58.583	0
0	0	121.61	58.583	0
0	0	121.26	58.583	0
0	0	120.94	58.583	0
0	0	120.59	58.583	0
0	0	120.59	58.936	0
0	0	120.59	59.254	0
0	0	119.92	59.571	0
0	0	119.92	59.924	0
0	0	119.6	59.924	0
0	0	119.6	60.241	0
0	0	119.28	60.241	0
0	0	119.28	60.594	0
0	0	118.93	60.911	0
0	0	118.61	60.911	0
0	0	118.61	61.264	0
0	0	118.26	61.264	0
0	0	118.26	61.581	0
0	0	117.94	61.581	0
0	0	117.94	61.899	0
0	0	117.94	62.252	0
0	0	117.59	62.252	0
0	0	117.59	62.569	0
0	0	117.27	62.569	0
0	0	116.96	62.922	0
0	0	116.6	63.239	0
0	0	116.6	63.592	0
0	0	116.29	63.592	0
0	0	115.93	63.909	0
0	0	115.93	64.227	0
0	0	115.62	64.227	0
0	0	115.62	64.579	0
0	0	115.26	64.579	0
0	0	115.26	64.897	0
0	0	115.26	65.25	0
0	0	114.94	65.25	0
0	0	114.94	65.567	0
0	0	114.63	65.92	0
0	0	114.27	65.92	0
0	0	114.27	66.237	0
0	0	113.96	66.237	0
0	0	113.96	66.59	0
0	0	113.96	66.907	0
0	0	113.6	67.225	0
0	0	113.6	67.577	0
0	0	113.29	67.577	0
0	0	113.29	67.895	0
0	0	112.93	67.895	0
0	0	112.93	68.247	0
0	0	112.62	68.565	0
0	0	112.62	68.918	0
0	0	112.26	69.235	0
0	0	111.95	69.552	0
0	0	111.63	69.905	0
0	0	111.63	70.223	0
0	0	111.28	70.575	0
0	0	110.96	70.575	0
0	0	110.96	71.245	0
0	0	110.29	71.245	0
0	0	110.29	71.563	0
0	0	109.94	71.563	0
0	0	109.94	71.88	0
0	0	109.94	72.233	0
0	0	109.62	72.55	0
0	0	109.62	72.903	0
0	0	109.3	72.903	0
0	0	108.95	73.221	0
0	0	108.95	73.891	0
0	0	108.63	73.891	0
0	0	108.63	74.243	0
0	0	108.63	74.561	0
0	0	108.28	74.878	0
0	0	108.28	75.231	0
0	0	108.28	75.548	0
0	0	107.96	75.901	0
0	0	107.96	76.218	0
0	0	107.61	76.218	0
0	0	107.61	76.571	0
0	0	107.61	76.889	0
0	0	107.61	77.206	0
0	0	107.29	77.206	0
0	0	107.29	77.559	0
0	0	107.29	77.876	0
0	0	107.29	78.229	0
0	0	107.29	78.546	0
0	0	107.29	78.899	0
0	0	107.29	79.216	0
0	0	107.29	79.887	0
0	0	107.29	80.204	0
0	0	107.29	80.557	0
0	0	107.29	80.874	0
0	0	107.29	81.227	0
0	0	107.29	81.544	0
0	0	107.29	81.862	0
0	0	107.29	82.214	0
0	0	107.61	82.532	0
0	0	107.61	82.885	0
0	0	107.61	83.202	0
0	0	107.61	83.555	0
0	0	107.96	83.555	0
0	0	107.96	83.872	0
0	0	108.28	83.872	0
0	0	108.28	84.225	0
0	0	108.63	84.542	0
0	0	108.95	84.86	0
0	0	108.95	85.212	0
0	0	109.3	85.212	0
0	0	109.3	85.53	0
0	0	109.62	85.53	0
0	0	109.62	85.882	0
0	0	109.94	85.882	0
0	0	110.61	86.553	0
0	0	110.96	86.553	0
0	0	111.28	86.553	0
0	0	111.63	86.553	0
0	0	111.95	86.553	0
0	0	112.26	86.553	0
0	0	112.62	86.553	0
0	0	112.93	86.553	0
0	0	113.29	86.553	0
0	0	113.6	86.553	0
0	0	113.96	86.553	0
0	0	114.27	86.553	0
0	0	114.94	86.553	0
0	0	115.26	86.553	0
0	0	115.93	86.553	0
0	0	116.29	86.553	0
0	0	116.6	86.553	0
0	0	116.96	86.553	0
0	0	117.27	86.553	0
0	0	117.59	86.553	0
0	0	118.26	86.553	0
0	0	118.61	86.553	0
0	0	119.28	86.553	0
0	0	119.6	86.553	0
0	0	119.92	86.553	0
0	0	120.27	86.553	0
0	0	120.59	86.553	0
0	0	120.94	86.553	0
0	0	121.26	86.553	0
0	0	121.93	86.553	0
0	0	122.25	86.553	0
0	0	122.6	86.553	0
0	0	123.27	86.553	0
0	0	123.59	86.87	0
0	0	123.94	86.87	0
0	0	124.26	86.87	0
0	0	124.61	86.87	0
0	0	124.93	86.87	0
0	0	125.24	86.87	0
0	0	125.6	86.87	0
0	0	125.91	86.87	0
0	0	125.91	86.553	0
0	0	126.27	86.2	0
0	0	126.58	86.2	0
0	0	126.94	86.2	0
0	0	127.25	86.2	0
0	0	127.57	85.882	0
0	0	127.92	85.882	0
0	0	128.24	85.53	0
0	0	128.59	85.53	0
0	0	128.91	85.53	0
0	0	128.91	85.212	0
0	0	129.26	85.212	0
0	0	129.26	84.86	0
0	0	129.58	84.86	0
0	0	129.9	84.542	0
0	0	129.9	84.225	0
0	0	129.9	83.872	0
0	0	129.9	83.555	0
0	0	130.25	83.555	0
0	0	130.25	83.202	0
0	0	130.57	83.202	0
0	0	130.57	82.885	0
0	0	130.92	82.885	0
0	0	130.92	82.532	0
0	0	131.24	82.214	0
0	0	131.24	81.862	0
0	0	131.24	81.544	0
0	0	131.59	81.227	0
0	0	131.59	80.874	0
0	0	131.59	80.557	0
0	0	131.59	80.204	0
0	0	131.91	80.204	0
0	0	131.91	79.887	0
0	0	131.91	79.534	0
0	0	131.91	79.216	0
0	0	132.26	79.216	0
0	0	132.26	78.899	0
0	0	132.26	78.546	0
0	0	132.58	78.546	0
0	0	132.58	78.229	0
0	0	132.58	77.876	0
0	0	132.58	77.559	0
0	0	132.9	77.559	0
0	0	132.9	77.206	0
0	0	132.9	76.889	0
0	0	132.9	76.571	0
0	0	132.9	76.218	0
0	0	132.9	75.901	0
0	0	132.9	75.548	0
0	0	132.9	75.231	0
0	0	132.9	74.878	0
0	0	133.25	74.878	0
0	0	133.25	74.561	0
0	0	133.25	74.243	0
0	0	133.25	73.891	0
0	0	133.57	73.573	0
0	0	133.92	73.221	0
0	0	133.92	72.903	0
0	0	133.92	72.55	0
0	0	133.92	72.233	0
0	0	133.92	71.88	0
0	0	134.24	71.88	0
0	0	134.24	71.563	0
0	0	134.59	71.245	0
0	0	134.59	70.893	0
0	0	134.59	70.575	0
0	0	135.23	69.905	0
0	0	135.23	69.552	0
0	0	135.58	68.918	0
0	0	135.58	68.565	0
0	0	135.9	68.247	0
0	0	135.9	67.577	0
0	0	136.25	67.577	0
0	0	136.25	67.225	0
0	0	136.25	66.907	0
0	0	136.25	66.59	0
0	0	136.25	66.237	0
0	0	136.25	65.92	0
0	0	136.57	65.92	0
0	0	136.57	65.567	0
0	0	136.92	65.567	0
0	0	137.24	65.567	0
0	0	137.55	65.25	0
0	0	137.91	64.897	0
0	0	138.22	64.897	0
0	0	138.22	64.579	0
0	0	138.58	64.227	0
0	0	138.89	64.227	0
0	0	139.25	64.227	0
0	0	139.56	64.227	0
0	0	140.23	64.227	0
0	0	140.55	64.227	0
0	0	140.9	64.227	0
0	0	141.22	64.227	0
0	0	141.57	64.227	0
0	0	141.89	64.227	0
0	0	142.24	64.227	0
0	0	142.56	64.227	0
0	0	142.88	64.227	0
0	0	143.23	64.227	0
0	0	143.23	64.579	0
0	0	143.55	64.579	0
0	0	143.9	64.579	0
0	0	144.22	64.579	0
0	0	144.89	64.579	0
0	0	145.21	64.579	0
0	0	145.56	64.579	0
0	0	145.88	64.579	0
0	0	146.23	64.579	0
0	0	146.9	64.579	0
0	0	147.22	64.579	0
0	0	147.53	64.579	0
0	0	147.89	64.579	0
0	0	148.2	64.579	0
0	0	148.56	64.579	0
0	0	148.87	64.897	0
0	0	149.54	64.897	0
0	0	149.9	65.25	0
0	0	150.53	65.25	0
0	0	150.89	65.567	0
0	0	150.89	65.92	0
0	0	151.2	65.92	0
0	0	151.56	65.92	0
0	0	151.87	65.92	0
0	0	152.23	66.237	0
0	0	152.54	66.59	0
0	0	152.54	66.907	0
0	0	152.86	66.907	0
0	0	153.21	66.907	0
0	0	153.21	67.225	0
0	0	153.53	67.225	0
0	0	153.88	67.577	0
0	0	153.88	67.895	0
0	0	154.2	67.895	0
0	0	154.2	68.247	0
0	0	154.87	68.565	0
0	0	155.54	68.565	0
0	0	155.86	68.918	0
0	0	156.21	69.235	0
0	0	156.53	69.235	0
0	0	156.88	69.552	0
0	0	157.2	69.905	0
0	0	157.2	70.223	0
0	0	157.52	70.575	0
0	0	157.52	70.893	0
0	0	157.52	71.245	0
0	0	157.87	71.245	0
0	0	158.19	71.88	0
0	0	158.19	72.233	0
0	0	158.54	72.55	0
0	0	158.54	72.903	0
0	0	158.86	72.903	0
0	0	158.86	73.573	0
0	0	159.21	73.891	0
0	0	159.53	73.891	0
0	0	159.53	74.243	0
0	0	159.53	74.561	0
0	0	159.53	74.878	0
0	0	159.88	75.231	0
0	0	159.88	75.548	0
0	0	160.2	75.548	0
0	0	160.2	75.901	0
0	0	160.2	76.218	0
0	0	160.51	76.218	0
0	0	160.51	76.571	0
0	0	160.87	76.889	0
0	0	160.87	77.206	0
0	0	160.87	77.559	0
0	0	161.18	77.559	0
0	0	161.18	77.876	0
0	0	161.18	78.229	0
0	0	161.18	78.546	0
0	0	161.18	78.899	0
0	0	161.18	79.216	0
0	0	161.18	79.534	0
0	0	161.18	79.887	0
0	0	161.18	80.204	0
0	0	161.18	80.557	0
0	0	161.18	80.874	0
0	0	161.18	81.227	0
0	0	161.18	81.862	0
0	0	161.18	82.532	0
0	0	161.18	82.885	0
0	0	161.18	83.555	0
0	0	161.18	83.872	0
0	0	161.18	84.225	0
0	0	161.18	84.542	0
0	0	161.18	84.86	0
0	0	161.18	85.212	0
0	0	160.87	85.212	0
0	0	160.51	85.882	0
0	0	160.51	86.2	0
0	0	160.2	86.2	0
0	0	160.2	86.553	0
0	0	160.2	86.87	0
0	0	159.88	86.87	0
0	0	159.53	87.187	0
0	0	159.21	87.187	0
0	0	159.21	87.54	0
0	0	158.86	87.54	0
0	0	158.19	88.21	0
0	0	158.19	88.528	0
0	0	157.87	88.528	0
0	0	157.52	88.88	0
0	0	156.88	89.515	0
0	0	156.53	90.185	0
0	0	156.21	90.538	0
0	0	155.86	90.538	0
0	0	155.54	90.856	0
0	0	155.54	91.208	0
0	0	155.19	91.208	0
0	0	155.19	91.526	0
0	0	154.87	91.526	0
0	0	154.87	91.878	0
0	0	154.55	91.878	0
0	0	154.2	91.878	0
0	0	153.53	92.196	0
0	0	153.53	92.513	0
0	0	153.21	92.513	0
0	0	152.86	92.513	0
0	0	152.54	92.513	0
0	0	152.23	92.866	0
0	0	151.87	92.866	0
0	0	151.56	93.183	0
0	0	151.2	93.183	0
0	0	150.89	93.536	0
0	0	150.53	93.536	0
0	0	150.53	93.853	0
0	0	150.21	93.853	0
0	0	149.9	93.853	0
0	0	149.9	94.206	0
0	0	149.54	94.206	0
0	0	149.23	94.206	0
0	0	148.87	94.206	0
0	0	148.87	94.524	0
0	0	148.56	94.524	0
0	0	148.2	94.524	0
0	0	147.53	94.841	0
0	0	147.22	94.841	0
0	0	146.9	95.194	0
0	0	146.23	95.194	0
0	0	145.21	95.194	0
0	0	144.57	95.194	0
0	0	144.22	95.194	0
0	0	143.9	95.194	0
0	0	143.55	95.194	0
0	0	142.88	95.511	0
0	0	142.56	95.511	0
0	0	142.24	95.864	0
0	0	141.89	95.864	0
0	0	141.57	95.864	0
0	0	141.22	95.864	0
0	0	140.9	96.181	0
0	0	140.55	96.181	0
0	0	140.23	96.181	0
0	0	139.56	96.534	0
0	0	139.25	96.534	0
0	0	138.89	96.534	0
0	0	138.58	96.534	0
0	0	138.22	96.534	0
0	0	137.91	96.534	0
0	0	137.24	96.534	0
0	0	136.92	96.534	0
0	0	136.57	96.534	0
0	0	135.9	96.534	0
0	0	135.58	96.534	0
0	0	135.23	96.534	0
0	0	134.91	96.534	0
0	0	134.59	96.534	0
0	0	134.24	96.534	0
0	0	133.92	96.534	0
0	0	133.57	96.534	0
0	0	133.25	96.534	0
0	0	132.9	96.534	0
0	0	132.26	96.534	0
0	0	131.91	96.534	0
0	0	131.59	96.534	0
0	0	131.24	96.534	0
0	0	130.92	96.534	0
0	0	130.57	96.534	0
0	0	130.25	96.534	0
0	0	129.58	96.534	0
0	0	128.59	96.534	0
0	0	127.92	96.534	0
0	0	127.57	96.534	0
0	0	126.94	96.534	0
0	0	126.58	96.534	0
0	0	125.91	96.534	0
0	0	125.6	96.534	0
0	0	124.93	96.534	0
0	0	124.26	96.534	0
0	0	123.94	96.534	0
0	0	123.59	96.534	0
0	0	122.92	96.534	0
0	0	122.6	96.534	0
0	0	122.25	96.534	0
0	0	121.61	96.534	0
0	0	121.26	96.534	0
0	0	120.27	96.851	0
0	0	119.6	96.851	0
0	0	119.28	96.851	0
0	0	118.93	96.851	0
0	0	118.61	96.851	0
0	0	117.59	96.851	0
0	0	116.96	96.851	0
0	0	116.29	96.851	0
0	0	115.93	96.851	0
0	0	115.26	96.851	0
0	0	114.27	96.851	0
0	0	113.6	96.851	0
0	0	113.29	96.851	0
0	0	112.62	96.851	0
0	0	111.95	96.851	0
0	0	111.28	96.851	0
0	0	110.61	96.851	0
0	0	110.29	96.851	0
0	0	109.62	96.851	0
0	0	108.95	96.851	0
0	0	108.28	96.851	0
0	0	107.61	96.851	0
0	0	106.97	96.851	0
0	0	105.95	96.851	0
0	0	105.28	96.851	0
0	0	104.29	96.851	0
0	0	103.98	96.851	0
0	0	103.62	96.851	0
0	0	102.95	96.851	0
0	0	102.64	96.851	0
0	0	101.97	96.851	0
0	0	101.65	96.851	0
0	0	100.98	96.851	0
0	0	99.955	96.851	0
0	0	99.32	96.851	0
0	0	98.968	96.851	0
0	0	98.297	96.851	0
0	0	97.627	96.851	0
0	0	97.31	96.851	0
0	0	96.64	96.851	0
0	0	96.322	96.851	0
0	0	95.97	96.851	0
0	0	95.652	96.851	0
0	0	95.3	96.851	0
0	0	94.982	96.851	0
0	0	94.312	96.851	0
0	0	93.995	96.851	0
0	0	93.642	96.851	0
0	0	92.654	96.851	0
0	0	91.984	96.851	0
0	0	91.667	96.851	0
0	0	90.997	96.851	0
0	0	90.644	96.851	0
0	0	90.326	96.851	0
0	0	89.656	96.851	0
0	0	89.339	96.851	0
0	0	88.316	96.851	0
0	0	87.999	96.851	0
0	0	87.646	96.851	0
0	0	87.329	97.169	0
0	0	86.658	97.169	0
0	0	85.988	97.169	0
0	0	85.671	97.522	0
0	0	85.318	97.522	0
0	0	84.648	97.522	0
0	0	84.331	97.522	0
0	0	83.66	97.522	0
0	0	83.343	97.522	0
0	0	82.99	97.522	0
0	0	82.673	97.522	0
0	0	82.32	97.522	0
0	0	82.003	97.522	0
0	0	81.685	97.522	0
0	0	81.333	97.522	0
0	0	81.015	97.522	0
0	0	80.662	97.522	0
0	0	80.345	97.522	0
0	0	79.675	97.522	0
0	0	79.005	97.522	0
0	0	78.687	97.522	0
0	0	78.335	97.522	0
0	0	78.017	97.522	0
0	0	77.665	97.522	0
0	0	77.347	97.169	0
0	0	76.677	97.169	0
0	0	76.007	97.169	0
0	0	75.689	97.169	0
0	0	75.337	97.169	0
0	0	75.019	97.169	0
0	0	74.667	96.851	0
0	0	74.032	96.851	0
0	0	73.679	96.534	0
0	0	73.009	96.181	0
0	0	72.691	96.181	0
0	0	72.021	96.181	0
0	0	71.351	96.181	0
0	0	71.034	96.181	0
0	0	70.681	96.181	0
0	0	70.364	96.181	0
0	0	70.011	96.181	0
0	0	69.694	96.181	0
0	0	69.023	96.534	0
0	0	68.706	96.534	0
0	0	68.353	96.534	0
0	0	68.036	96.534	0
0	0	67.683	96.534	0
0	0	67.013	96.534	0
0	0	66.378	96.534	0
0	0	66.025	96.534	0
0	0	65.708	96.534	0
0	0	65.355	96.534	0
0	0	65.038	96.534	0
0	0	64.685	96.534	0
0	0	64.368	96.534	0
0	0	63.698	96.851	0
0	0	63.38	96.851	0
0	0	63.027	96.851	0
0	0	62.357	96.851	0
0	0	62.04	96.851	0
0	0	61.723	96.851	0
0	0	61.37	96.851	0
0	0	61.052	96.851	0
0	0	60.382	96.534	0
0	0	60.03	96.534	0
0	0	59.712	96.534	0
0	0	59.359	96.534	0
0	0	59.042	96.534	0
0	0	58.725	96.534	0
0	0	58.372	96.534	0
0	0	58.054	96.534	0
0	0	57.032	96.534	0
0	0	56.714	96.534	0
0	0	56.044	96.534	0
0	0	55.727	96.534	0
0	0	55.056	96.534	0
0	0	54.704	96.534	0
0	0	54.069	96.534	0
0	0	53.716	96.534	0
0	0	53.399	96.534	0
0	0	53.046	96.534	0
0	0	52.729	96.534	0
0	0	52.376	96.534	0
0	0	52.059	96.534	0
0	0	51.388	96.534	0
0	0	50.718	96.534	0
0	0	50.401	96.534	0
0	0	50.048	96.534	0
0	0	49.731	96.534	0
0	0	49.061	96.534	0
0	0	48.743	96.534	0
0	0	48.39	96.534	0
0	0	47.72	96.534	0
0	0	47.403	96.534	0
0	0	46.733	96.534	0
0	0	46.063	96.534	0
0	0	45.075	96.534	0
0	0	44.722	96.534	0
0	0	44.088	96.534	0
0	0	43.735	96.534	0
0	0	43.065	96.534	0
0	0	42.395	96.534	0
0	0	42.077	96.534	0
0	0	41.724	96.534	0
0	0	41.407	96.534	0
0	0	40.737	96.534	0
0	0	40.419	96.534	0
0	0	39.749	96.534	0
0	0	39.397	96.534	0
0	0	39.079	96.534	0
0	0	38.409	96.534	0
0	0	38.092	96.534	0
0	0	37.739	96.534	0
0	0	37.069	96.534	0
0	0	36.751	96.534	0
0	0	36.081	96.534	0
0	0	35.764	96.534	0
0	0	35.411	96.534	0
0	0	34.741	96.534	0
0	0	34.424	96.534	0
0	0	33.753	96.534	0
0	0	33.083	96.534	0
0	0	32.766	96.534	0
0	0	32.413	96.534	0
0	0	32.096	96.534	0
0	0	31.426	96.534	0
0	0	30.755	96.534	0
0	0	30.438	96.534	0
0	0	30.085	96.534	0
0	0	29.768	96.534	0
0	0	29.415	96.534	0
0	0	29.098	96.534	0
0	0	28.78	96.534	0
0	0	28.428	96.534	0
0	0	28.11	96.534	0
0	0	27.757	96.534	0
0	0	27.44	96.534	0
0	0	27.087	96.534	0
0	0	26.77	96.534	0
0	0	26.77	96.851	0
0	0	26.453	96.851	0
0	0	26.453	97.169	0
0	0	26.77	97.169	0
0	0	26.77	97.522	0
0	0	26.77	97.839	0
0	0	26.77	98.192	0
0	0	26.77	98.509	0
0	0	26.77	99.179	0
0	0	26.77	99.497	0
0	0	26.77	100.17	0
0	0	26.77	100.52	0
0	0	26.77	100.84	0
0	0	26.77	101.19	0
0	0	26.77	101.51	0
0	0	26.77	101.86	0
0	0	26.77	102.49	0
0	0	26.77	102.85	0
0	0	26.77	103.16	0
0	0	26.77	103.83	0
0	0	26.77	104.19	0
0	0	26.453	104.19	0
0	0	26.453	104.51	0
0	0	26.1	104.82	0
0	0	26.1	105.49	0
0	0	26.1	105.85	0
0	0	25.782	106.16	0
0	0	25.782	106.52	0
0	0	25.782	106.83	0
0	0	25.43	106.83	0
0	0	25.43	107.15	0
0	0	25.43	107.5	0
0	0	25.782	107.5	0
0	0	25.782	107.82	0
0	0	26.1	108.17	0
0	0	26.453	108.49	0
0	0	26.453	108.84	0
0	0	26.77	109.16	0
0	0	26.77	109.51	0
0	0	26.77	109.83	0
0	0	26.77	111.17	0
0	0	26.77	111.49	0
0	0	26.77	111.84	0
0	0	26.77	112.16	0
0	0	26.77	112.48	0
0	0	26.77	112.83	0
0	0	26.77	113.5	0
0	0	26.77	114.17	0
0	0	26.77	114.49	0
0	0	26.77	114.8	0
0	0	26.77	115.47	0
0	0	26.77	115.83	0
0	0	26.77	116.14	0
0	0	26.77	116.5	0
0	0	26.77	116.81	0
0	0	26.77	117.13	0
0	0	26.77	117.48	0
0	0	26.77	117.8	0
0	0	26.77	117.48	0
0	0	26.77	117.8	0
0	0	26.77	118.47	0
0	0	26.77	118.82	0
0	0	26.77	119.81	0
0	0	26.77	120.13	0
0	0	26.453	121.15	0
0	0	26.453	122.14	0
0	0	26.453	122.81	0
0	0	26.453	123.8	0
0	0	26.453	124.15	0
0	0	26.453	124.79	0
0	0	26.453	125.46	0
0	0	26.453	125.81	0
0	0	26.453	126.48	0
0	0	26.1	127.15	0
0	0	26.1	127.47	0
0	0	26.1	127.78	0
0	0	26.1	128.14	0
0	0	26.1	128.45	0
0	0	26.1	128.14	0
0	0	26.1	128.45	0
0	0	26.1	129.12	0
0	0	26.1	129.48	0
0	0	26.1	129.79	0
0	0	26.1	130.11	0
0	0	26.1	130.46	0
0	0	26.1	131.13	0
0	0	26.1	131.8	0
0	0	26.1	132.12	0
0	0	26.1	132.44	0
0	0	26.453	133.46	0
0	0	26.77	133.78	0
0	0	26.77	134.45	0
0	0	27.087	135.12	0
0	0	27.087	135.44	0
0	0	27.087	135.79	0
0	0	27.087	136.11	0
0	0	27.087	136.46	0
0	0	27.087	136.78	0
0	0	27.087	137.13	0
0	0	27.087	137.45	0
0	0	27.087	137.76	0
0	0	27.087	138.12	0
0	0	27.087	138.43	0
0	0	27.087	138.79	0
0	0	27.44	138.79	0
0	0	27.757	138.79	0
0	0	27.757	138.43	0
0	0	28.11	138.43	0
0	0	28.428	138.43	0
0	0	28.78	138.43	0
0	0	29.098	138.12	0
0	0	29.768	138.12	0
0	0	30.085	138.12	0
0	0	30.438	138.12	0
0	0	30.755	138.12	0
0	0	31.108	138.12	0
0	0	31.108	138.43	0
0	0	31.426	138.43	0
0	0	32.096	138.43	0
0	0	32.413	138.43	0
0	0	32.766	138.43	0
0	0	33.083	138.43	0
0	0	33.436	138.43	0
0	0	33.753	138.43	0
0	0	34.071	138.43	0
0	0	34.424	138.43	0
0	0	35.094	138.43	0
0	0	35.411	138.43	0
0	0	35.764	138.43	0
0	0	36.434	138.43	0
0	0	36.751	138.43	0
0	0	37.069	138.43	0
0	0	37.421	138.43	0
0	0	37.739	138.43	0
0	0	38.092	138.43	0
0	0	38.762	138.43	0
0	0	39.749	138.43	0
0	0	40.419	138.43	0
0	0	40.067	138.43	0
0	0	40.419	138.43	0
0	0	41.407	138.79	0
0	0	42.395	138.79	0
0	0	43.417	138.79	0
0	0	44.405	138.79	0
0	0	45.392	138.79	0
0	0	45.745	138.79	0
0	0	46.063	138.79	0
0	0	46.415	138.79	0
0	0	46.733	138.79	0
0	0	47.403	139.1	0
0	0	47.72	139.1	0
0	0	48.073	139.1	0
0	0	48.39	139.1	0
0	0	48.743	139.1	0
0	0	49.061	139.1	0
0	0	49.378	139.1	0
0	0	49.731	139.1	0
0	0	50.048	139.1	0
0	0	50.401	139.1	0
0	0	51.388	139.1	0
0	0	52.059	139.1	0
0	0	52.376	139.1	0
0	0	52.729	139.1	0
0	0	53.046	139.1	0
0	0	53.399	139.1	0
0	0	53.716	139.1	0
0	0	54.069	139.1	0
0	0	54.386	139.1	0
0	0	54.704	139.1	0
0	0	55.056	139.1	0
0	0	55.374	139.1	0
0	0	56.044	139.1	0
0	0	56.397	139.1	0
0	0	57.032	139.1	0
0	0	57.384	139.1	0
0	0	57.702	139.1	0
0	0	58.054	139.1	0
0	0	58.725	139.1	0
0	0	58.725	138.79	0
0	0	58.725	138.43	0
0	0	58.725	138.12	0
0	0	58.725	137.76	0
0	0	58.725	137.45	0
0	0	58.725	137.13	0
0	0	58.725	136.78	0
0	0	58.725	136.46	0
0	0	58.725	136.11	0
0	0	58.725	135.79	0
0	0	58.725	135.44	0
0	0	58.725	135.12	0
0	0	58.725	134.77	0
0	0	58.725	134.45	0
0	0	58.725	134.13	0
0	0	58.725	133.78	0
0	0	58.725	133.46	0
0	0	58.725	133.11	0
0	0	58.725	132.44	0
0	0	58.725	131.8	0
0	0	58.725	131.45	0
0	0	58.725	130.78	0
0	0	58.725	130.11	0
0	0	58.725	129.79	0
0	0	58.725	129.48	0
0	0	58.725	129.12	0
0	0	58.725	128.81	0
0	0	58.725	128.45	0
0	0	58.725	128.14	0
0	0	58.725	127.78	0
0	0	58.725	127.47	0
0	0	58.725	126.8	0
0	0	58.725	126.48	0
0	0	58.725	126.13	0
0	0	58.725	125.81	0
0	0	58.725	125.46	0
0	0	58.725	125.14	0
0	0	58.725	124.79	0
0	0	58.725	124.47	0
0	0	59.042	124.47	0
0	0	59.712	124.47	0
0	0	60.7	124.79	0
0	0	61.052	124.79	0
0	0	61.37	124.79	0
0	0	61.723	124.79	0
0	0	62.04	124.79	0
0	0	62.71	124.79	0
0	0	63.698	124.79	0
0	0	64.685	124.79	0
0	0	65.355	124.79	0
0	0	65.708	124.79	0
0	0	66.378	124.79	0
0	0	67.013	124.79	0
0	0	67.683	124.79	0
0	0	68.353	124.79	0
0	0	68.706	124.79	0
0	0	69.023	124.79	0
0	0	69.694	124.79	0
0	0	70.011	124.79	0
0	0	70.364	124.79	0
0	0	70.681	124.79	0
0	0	71.034	124.79	0
0	0	71.351	124.79	0
0	0	71.704	124.79	0
0	0	72.021	124.79	0
0	0	72.021	124.47	0
0	0	72.339	124.15	0
0	0	72.339	123.8	0
0	0	72.339	123.13	0
0	0	72.339	122.81	0
0	0	72.339	122.46	0
0	0	72.339	122.14	0
0	0	72.339	121.82	0
0	0	72.339	121.47	0
0	0	72.339	121.15	0
0	0	72.339	120.8	0
0	0	72.339	120.48	0
0	0	72.339	120.13	0
0	0	72.339	119.81	0
0	0	72.339	119.14	0
0	0	72.339	118.82	0
0	0	72.339	118.47	0
0	0	72.691	118.15	0
0	0	72.691	117.8	0
0	0	72.691	117.48	0
0	0	72.691	117.13	0
0	0	73.009	116.81	0
0	0	73.009	116.5	0
0	0	73.009	116.14	0
0	0	73.009	115.83	0
0	0	73.009	115.47	0
0	0	73.009	115.16	0
0	0	73.009	114.49	0
0	0	73.009	114.17	0
0	0	73.009	113.82	0
0	0	73.009	113.5	0
0	0	73.009	112.83	0
0	0	73.009	112.48	0
0	0	73.009	112.16	0
0	0	73.009	111.84	0
0	0	73.362	111.84	0
0	0	73.679	111.49	0
0	0	73.679	111.17	0
0	0	73.679	110.82	0
0	0	74.032	110.82	0
0	0	74.032	110.5	0
0	0	74.349	110.5	0
0	0	74.667	110.5	0
0	0	75.019	110.5	0
0	0	75.337	110.82	0
0	0	75.689	110.82	0
0	0	75.689	111.17	0
0	0	76.007	111.17	0
0	0	76.36	111.17	0
0	0	76.677	111.17	0
0	0	76.994	111.17	0
0	0	77.347	111.17	0
0	0	77.665	111.17	0
0	0	78.017	111.17	0
0	0	78.335	111.17	0
0	0	78.687	111.17	0
0	0	79.358	111.17	0
0	0	79.675	111.17	0
0	0	79.992	111.17	0
0	0	80.345	111.17	0
0	0	81.015	111.17	0
0	0	81.333	111.17	0
0	0	81.685	111.17	0
0	0	82.003	111.17	0
0	0	82.32	111.17	0
0	0	82.99	111.17	0
0	0	83.343	111.17	0
0	0	83.66	111.17	0
0	0	84.013	111.17	0
0	0	84.648	111.17	0
0	0	85.001	111.17	0
0	0	85.318	111.17	0
0	0	86.341	111.17	0
0	0	86.658	111.17	0
0	0	87.329	111.17	0
0	0	87.646	111.17	0
0	0	87.999	111.17	0
0	0	88.316	111.17	0
0	0	89.339	111.17	0
0	0	89.974	111.17	0
0	0	90.326	111.17	0
0	0	90.644	111.17	0
0	0	91.667	111.17	0
0	0	91.984	111.17	0
0	0	92.302	111.17	0
0	0	92.972	111.17	0
0	0	93.642	111.17	0
0	0	93.995	111.17	0
0	0	94.312	111.17	0
0	0	94.629	111.17	0
0	0	95.3	111.17	0
0	0	95.652	111.17	0
0	0	95.97	111.17	0
0	0	96.322	111.17	0
0	0	96.64	111.17	0
0	0	96.993	111.17	0
0	0	97.31	111.17	0
0	0	97.627	111.17	0
0	0	97.98	111.17	0
0	0	98.297	111.17	0
0	0	98.968	111.17	0
0	0	99.32	111.17	0
0	0	99.638	111.17	0
0	0	99.955	111.17	0
0	0	100.63	111.17	0
0	0	100.98	111.17	0
0	0	101.3	111.17	0
0	0	101.65	110.82	0
0	0	101.97	110.82	0
0	0	102.28	110.82	0
0	0	102.28	111.17	0
0	0	102.28	111.84	0
0	0	102.28	112.16	0
0	0	102.28	112.48	0
0	0	101.97	112.48	0
0	0	101.97	112.83	0
0	0	101.97	113.15	0
0	0	101.65	113.5	0
0	0	101.65	113.82	0
0	0	101.65	114.49	0
0	0	101.3	114.8	0
0	0	101.3	115.47	0
0	0	100.98	116.5	0
0	0	100.63	116.81	0
0	0	100.63	117.13	0
0	0	100.63	117.48	0
0	0	100.63	118.15	0
0	0	100.63	118.82	0
0	0	100.63	119.14	0
0	0	100.63	119.49	0
0	0	100.63	119.81	0
0	0	100.63	120.13	0
0	0	100.63	120.48	0
0	0	100.31	121.47	0
0	0	99.955	121.82	0
0	0	99.955	122.14	0
0	0	99.955	122.81	0
0	0	99.638	123.48	0
0	0	99.638	123.8	0
0	0	99.638	124.15	0
0	0	99.638	124.47	0
0	0	99.638	124.79	0
0	0	99.638	125.14	0
0	0	99.638	125.46	0
0	0	99.638	125.81	0
0	0	99.32	126.48	0
0	0	99.32	126.8	0
0	0	99.32	127.47	0
0	0	99.32	127.78	0
0	0	99.32	128.14	0
0	0	99.32	128.81	0
0	0	99.32	129.12	0
0	0	99.32	129.48	0
0	0	99.32	129.79	0
0	0	99.32	130.11	0
0	0	99.32	130.46	0
0	0	99.32	131.13	0
0	0	98.968	131.45	0
0	0	98.968	131.8	0
0	0	98.968	132.12	0
0	0	98.968	132.44	0
0	0	98.968	133.46	0
0	0	98.968	134.13	0
0	0	98.968	134.77	0
0	0	98.968	135.12	0
0	0	98.968	135.79	0
0	0	98.968	136.11	0
0	0	98.968	136.46	0
0	0	98.968	136.78	0
0	0	98.968	137.13	0
0	0	98.968	137.45	0
0	0	98.968	137.76	0
0	0	98.968	138.12	0
0	0	98.968	137.76	0
0	0	98.968	138.12	0
0	0	98.968	138.79	0
0	0	98.968	140.45	0
0	0	98.968	140.76	0
0	0	98.968	141.43	0
0	0	98.968	141.79	0
0	0	98.968	142.1	0
0	0	98.968	142.42	0
0	0	98.968	142.77	0
0	0	98.968	143.09	0
0	0	98.968	143.44	0
0	0	98.968	143.76	0
0	0	98.968	144.11	0
0	0	98.968	144.43	0
0	0	98.968	144.78	0
0	0	98.968	145.1	0
0	0	99.32	145.1	0
0	0	99.638	145.1	0
0	0	99.955	145.1	0
0	0	100.31	145.1	0
0	0	100.63	145.1	0
0	0	101.3	145.1	0
0	0	101.97	145.1	0
0	0	102.28	145.1	0
0	0	102.64	145.1	0
0	0	102.95	145.1	0
0	0	103.31	145.1	0
0	0	103.62	145.1	0
0	0	103.98	145.1	0
0	0	104.61	145.1	0
0	0	104.96	145.42	0
0	0	105.28	145.42	0
0	0	105.63	145.42	0
0	0	105.95	145.42	0
0	0	106.3	145.42	0
0	0	106.97	145.42	0
0	0	107.96	145.42	0
0	0	108.63	145.42	0
0	0	108.95	145.42	0
0	0	109.3	145.42	0
0	0	109.62	145.42	0
0	0	109.94	145.42	0
0	0	110.29	145.42	0
0	0	110.61	145.42	0
0	0	110.96	145.42	0
0	0	111.28	145.42	0
0	0	111.63	145.42	0
0	0	112.26	145.42	0
0	0	112.62	145.42	0
0	0	113.29	145.42	0
0	0	113.6	145.1	0
0	0	113.6	144.78	0
0	0	113.6	144.43	0
0	0	113.6	144.11	0
0	0	113.6	143.76	0
0	0	113.6	143.44	0
0	0	113.6	143.09	0
0	0	113.6	142.77	0
0	0	113.6	142.42	0
0	0	113.6	142.1	0
0	0	113.96	141.79	0
0	0	113.96	141.43	0
0	0	114.27	140.76	0
0	0	114.27	140.45	0
0	0	114.27	140.09	0
0	0	114.27	139.78	0
0	0	114.63	139.46	0
0	0	114.63	139.1	0
0	0	114.63	138.79	0
0	0	114.63	138.12	0
0	0	114.94	137.76	0
0	0	114.94	137.45	0
0	0	114.94	137.13	0
0	0	114.94	136.78	0
0	0	115.26	136.46	0
0	0	115.62	135.44	0
0	0	115.62	134.77	0
0	0	115.62	134.45	0
0	0	115.62	133.78	0
0	0	115.93	133.46	0
0	0	115.93	133.11	0
0	0	115.93	132.79	0
0	0	115.93	132.44	0
0	0	115.93	132.12	0
0	0	115.93	131.8	0
0	0	115.93	131.13	0
0	0	115.93	130.78	0
0	0	115.93	130.46	0
0	0	116.29	130.46	0
0	0	116.6	130.11	0
0	0	116.6	129.79	0
0	0	116.6	129.12	0
0	0	116.96	128.45	0
0	0	117.27	127.78	0
0	0	117.27	127.47	0
0	0	117.27	126.8	0
0	0	117.59	126.13	0
0	0	117.59	125.81	0
0	0	117.59	125.46	0
0	0	117.59	125.14	0
0	0	117.59	124.79	0
0	0	117.59	124.47	0
0	0	117.59	124.15	0
0	0	117.59	123.8	0
0	0	117.59	123.13	0
0	0	117.59	122.81	0
0	0	117.59	122.14	0
0	0	117.59	121.82	0
0	0	117.59	121.47	0
0	0	117.59	121.15	0
0	0	117.59	120.48	0
0	0	117.59	119.81	0
0	0	117.59	119.49	0
0	0	117.59	119.14	0
0	0	117.59	118.47	0
0	0	117.59	118.15	0
0	0	117.59	117.8	0
0	0	117.59	116.81	0
0	0	117.59	116.14	0
0	0	117.59	115.83	0
0	0	117.94	115.47	0
0	0	117.94	115.16	0
0	0	117.94	114.8	0
0	0	117.94	114.49	0
0	0	117.94	114.17	0
0	0	117.94	113.5	0
0	0	117.94	113.15	0
0	0	117.94	112.83	0
0	0	117.94	112.16	0
0	0	117.94	111.84	0
0	0	117.94	111.49	0
0	0	117.94	111.17	0
0	0	118.26	111.17	0
0	0	118.61	111.17	0
0	0	118.93	110.82	0
0	0	119.28	110.82	0
0	0	119.6	110.82	0
0	0	119.92	110.82	0
0	0	120.27	110.82	0
0	0	120.27	111.17	0
0	0	120.27	111.49	0
0	0	120.27	111.84	0
0	0	120.27	112.16	0
0	0	120.27	112.48	0
0	0	120.27	112.83	0
0	0	120.27	113.15	0
0	0	120.59	113.15	0
0	0	120.59	113.5	0
0	0	120.59	114.17	0
0	0	120.94	114.49	0
0	0	121.26	114.8	0
0	0	121.26	115.16	0
0	0	121.26	115.47	0
0	0	121.61	115.83	0
0	0	122.6	116.81	0
0	0	122.6	117.13	0
0	0	122.6	117.48	0
0	0	122.6	117.8	0
0	0	122.6	118.82	0
0	0	122.6	119.14	0
0	0	122.6	119.81	0
0	0	122.92	120.48	0
0	0	123.27	121.15	0
0	0	123.27	121.47	0
0	0	123.27	121.82	0
0	0	123.94	122.46	0
0	0	124.26	122.81	0
0	0	124.26	123.13	0
0	0	124.61	123.13	0
0	0	124.93	124.15	0
0	0	124.93	124.47	0
0	0	124.93	124.79	0
0	0	125.24	125.46	0
0	0	125.6	125.46	0
0	0	125.91	126.13	0
0	0	125.91	126.48	0
0	0	126.27	126.8	0
0	0	126.58	127.15	0
0	0	126.58	127.78	0
0	0	126.58	128.14	0
0	0	126.58	128.45	0
0	0	126.58	128.81	0
0	0	126.94	128.81	0
0	0	126.94	129.12	0
0	0	127.57	129.48	0
0	0	127.92	129.48	0
0	0	127.92	129.79	0
0	0	128.24	129.79	0
0	0	128.24	130.11	0
0	0	128.91	130.11	0
0	0	128.91	130.46	0
0	0	128.91	130.78	0
0	0	129.26	130.78	0
0	0	130.25	130.46	0
0	0	130.57	130.46	0
0	0	131.24	130.46	0
0	0	131.59	130.46	0
0	0	131.91	130.46	0
0	0	132.26	130.46	0
0	0	132.58	130.46	0
0	0	132.9	130.46	0
0	0	133.25	130.46	0
0	0	133.25	130.11	0
0	0	133.25	129.79	0
0	0	133.25	129.48	0
0	0	133.92	129.12	0
0	0	134.24	128.81	0
0	0	134.59	128.81	0
0	0	134.91	128.81	0
0	0	134.91	128.45	0
0	0	134.91	128.14	0
0	0	134.91	127.47	0
0	0	134.91	127.15	0
0	0	134.91	126.13	0
0	0	134.91	125.81	0
0	0	134.91	125.46	0
0	0	134.91	125.14	0
0	0	134.91	124.79	0
0	0	135.23	124.79	0
0	0	135.23	124.47	0
0	0	135.23	124.15	0
0	0	135.58	123.48	0
0	0	135.58	122.81	0
0	0	135.9	122.46	0
0	0	135.9	122.14	0
0	0	136.25	122.14	0
0	0	136.25	121.82	0
0	0	136.25	121.47	0
0	0	136.25	121.15	0
0	0	136.25	120.8	0
0	0	136.25	120.48	0
0	0	136.25	119.81	0
0	0	136.25	119.49	0
0	0	136.25	119.14	0
0	0	136.25	118.82	0
0	0	136.25	118.15	0
0	0	136.25	117.8	0
0	0	136.25	117.48	0
0	0	136.25	117.13	0
0	0	136.25	116.81	0
0	0	136.25	116.5	0
0	0	136.25	116.14	0
0	0	136.25	115.83	0
0	0	136.25	115.47	0
0	0	136.25	115.16	0
0	0	136.25	114.8	0
0	0	136.25	114.49	0
0	0	136.25	114.17	0
0	0	136.25	113.82	0
0	0	136.25	113.5	0
0	0	136.25	113.15	0
0	0	136.25	112.83	0
0	0	136.25	112.48	0
0	0	136.25	112.16	0
0	0	136.25	111.49	0
0	0	136.25	111.17	0
0	0	136.25	110.82	0
0	0	136.25	110.5	0
0	0	136.25	110.15	0
0	0	136.25	109.83	0
0	0	136.25	109.51	0
0	0	136.25	109.16	0
0	0	136.25	108.84	0
0	0	136.25	108.49	0
0	0	136.57	108.49	0
0	0	136.57	108.17	0
0	0	136.57	107.82	0
0	0	136.57	107.5	0
0	0	136.57	107.15	0
0	0	136.57	106.52	0
0	0	136.92	106.52	0
0	0	137.24	106.52	0
0	0	137.55	106.52	0
0	0	137.91	106.52	0
0	0	138.22	106.16	0
0	0	138.58	105.85	0
0	0	138.89	105.85	0
0	0	139.25	105.85	0
0	0	139.56	105.85	0
0	0	140.23	105.85	0
0	0	140.23	105.49	0
0	0	140.55	105.18	0
0	0	140.9	104.82	0
0	0	141.57	104.82	0
0	0	141.89	104.82	0
0	0	142.24	104.82	0
0	0	142.56	104.82	0
0	0	142.88	104.82	0
0	0	143.23	104.82	0
0	0	143.55	104.82	0
0	0	144.22	104.82	0
0	0	145.21	105.49	0
0	0	145.56	105.49	0
0	0	146.23	106.16	0
0	0	146.55	106.16	0
0	0	147.22	106.16	0
0	0	147.53	106.16	0
0	0	148.2	106.83	0
0	0	148.2	107.15	0
0	0	148.56	107.15	0
0	0	149.23	107.82	0
0	0	149.54	108.17	0
0	0	150.21	108.49	0
0	0	151.2	109.16	0
0	0	151.56	109.51	0
0	0	151.56	109.83	0
0	0	151.87	110.15	0
0	0	153.21	113.15	0
0	0	154.55	115.16	0
0	0	154.87	115.83	0
0	0	155.54	116.5	0
0	0	155.54	116.81	0
0	0	155.86	117.13	0
0	0	156.21	117.8	0
0	0	156.88	118.82	0
0	0	156.88	119.14	0
0	0	157.2	119.49	0
0	0	157.2	119.81	0
0	0	157.52	120.8	0
0	0	157.87	121.47	0
0	0	157.87	122.14	0
0	0	158.19	122.46	0
0	0	158.19	122.81	0
0	0	158.19	123.13	0
0	0	158.19	124.47	0
0	0	158.19	125.14	0
0	0	158.19	125.46	0
0	0	158.19	125.81	0
0	0	158.19	126.13	0
0	0	158.19	126.48	0
0	0	158.19	126.8	0
0	0	158.19	127.15	0
0	0	158.19	127.78	0
0	0	158.19	128.14	0
0	0	158.19	128.45	0
0	0	158.19	128.81	0
0	0	158.19	129.12	0
0	0	158.19	129.48	0
0	0	158.19	129.79	0
0	0	157.87	130.11	0
0	0	157.2	130.46	0
0	0	157.2	130.78	0
0	0	156.88	131.13	0
0	0	156.88	131.8	0
0	0	156.88	132.12	0
0	0	156.53	132.44	0
0	0	156.53	132.79	0
0	0	156.53	133.11	0
0	0	156.53	133.46	0
0	0	155.86	133.78	0
0	0	155.86	134.13	0
0	0	155.54	134.45	0
0	0	155.19	134.77	0
0	0	154.55	135.12	0
0	0	154.55	135.44	0
0	0	153.88	135.79	0
0	0	153.21	136.11	0
0	0	152.54	136.46	0
0	0	152.54	136.78	0
0	0	152.23	136.78	0
0	0	151.56	137.13	0
0	0	151.2	137.13	0
0	0	150.89	137.13	0
0	0	150.53	137.13	0
0	0	150.53	137.45	0
0	0	150.21	137.45	0
0	0	149.9	137.45	0
0	0	149.9	137.76	0
0	0	149.9	138.12	0
0	0	149.54	138.12	0
0	0	149.54	138.43	0
0	0	149.54	138.79	0
0	0	149.9	138.79	0
0	0	150.21	139.1	0
0	0	150.53	139.46	0
0	0	150.89	139.46	0
0	0	151.2	139.78	0
0	0	151.2	140.09	0
0	0	151.56	140.09	0
0	0	151.87	140.09	0
0	0	152.23	140.45	0
0	0	152.54	140.76	0
0	0	152.86	141.12	0
0	0	152.54	141.12	0
0	0	152.54	141.43	0
0	0	152.86	142.1	0
0	0	153.21	142.1	0
0	0	153.21	142.42	0
0	0	153.53	142.42	0
0	0	153.53	142.77	0
0	0	153.88	143.44	0
0	0	154.55	143.76	0
0	0	154.87	144.11	0
0	0	155.19	144.78	0
0	0	156.21	145.42	0
0	0	156.88	145.77	0
0	0	156.88	146.09	0
0	0	157.2	146.09	0
0	0	157.2	146.44	0
0	0	157.2	146.76	0
0	0	157.52	147.43	0
0	0	157.52	148.1	0
0	0	157.87	148.77	0
0	0	158.19	149.09	0
0	0	158.54	149.76	0
0	0	158.54	150.07	0
0	0	158.86	150.74	0
0	0	159.21	151.41	0
0	0	159.21	151.77	0
0	0	159.21	152.08	0
0	0	159.21	152.4	0
0	0	159.21	152.75	0
0	0	159.21	153.07	0
0	0	159.53	153.42	0
0	0	159.53	153.74	0
0	0	159.53	154.09	0
0	0	159.53	154.41	0
0	0	159.53	154.76	0
0	0	159.53	155.08	0
0	0	159.53	155.4	0
0	0	159.53	155.75	0
0	0	159.21	155.75	0
0	0	158.86	155.75	0
0	0	158.86	155.4	0
0	0	158.86	155.75	0
0	0	158.86	156.07	0
0	0	158.86	156.42	0
0	0	158.86	156.74	0
0	0	158.86	157.09	0
0	0	158.86	157.41	0
0	0	158.54	157.41	0
0	0	158.19	157.73	0
0	0	158.19	158.08	0
0	0	157.87	158.08	0
0	0	157.52	158.08	0
0	0	157.52	158.4	0
0	0	157.52	158.75	0
0	0	157.2	159.07	0
0	0	157.2	159.42	0
0	0	156.88	159.42	0
0	0	156.53	159.42	0
0	0	156.21	159.42	0
0	0	156.21	159.74	0
0	0	156.21	160.06	0
0	0	155.86	160.06	0
0	0	155.54	160.06	0
0	0	155.54	160.41	0
0	0	155.19	160.41	0
0	0	155.19	160.73	0
0	0	154.87	160.73	0
0	0	154.87	161.08	0
0	0	154.55	161.08	0
0	0	154.55	161.4	0
0	0	154.2	161.4	0
0	0	153.88	161.4	0
0	0	153.53	161.4	0
0	0	153.21	161.4	0
0	0	152.86	161.75	0
0	0	152.54	161.75	0
0	0	152.23	162.07	0
0	0	151.87	162.07	0
0	0	150.89	162.07	0
0	0	150.53	162.07	0
0	0	150.21	162.07	0
0	0	149.9	162.42	0
0	0	149.54	162.42	0
0	0	149.23	162.42	0
0	0	148.87	162.42	0
0	0	148.56	162.42	0
0	0	148.2	162.74	0
0	0	147.53	162.74	0
0	0	147.22	162.74	0
0	0	146.9	162.42	0
0	0	146.55	162.42	0
0	0	145.88	162.42	0
0	0	145.21	162.42	0
0	0	144.57	162.42	0
0	0	143.9	162.42	0
0	0	143.55	162.42	0
0	0	143.23	162.42	0
0	0	142.56	162.42	0
0	0	142.24	162.42	0
0	0	141.89	162.42	0
0	0	141.57	162.42	0
0	0	141.22	162.42	0
0	0	140.9	162.42	0
0	0	140.55	162.42	0
0	0	140.23	162.42	0
0	0	139.88	162.42	0
0	0	139.88	162.74	0
0	0	139.56	162.74	0
0	0	138.89	163.05	0
0	0	138.58	163.05	0
0	0	138.22	163.05	0
0	0	137.91	163.05	0
0	0	137.55	163.05	0
0	0	137.24	163.05	0
0	0	136.57	163.05	0
0	0	136.25	163.05	0
0	0	135.58	163.05	0
0	0	135.23	163.05	0
0	0	134.91	163.05	0
0	0	134.59	163.05	0
0	0	133.92	163.05	0
0	0	133.25	163.05	0
0	0	132.58	163.05	0
0	0	131.59	163.05	0
0	0	131.24	163.05	0
0	0	130.92	163.05	0
0	0	130.57	163.05	0
0	0	130.25	163.05	0
0	0	129.9	163.05	0
0	0	129.58	163.05	0
0	0	128.91	163.05	0
0	0	128.59	163.05	0
0	0	127.92	163.05	0
0	0	127.57	163.05	0
0	0	127.25	163.05	0
0	0	126.58	163.05	0
0	0	125.6	163.05	0
0	0	125.24	163.05	0
0	0	123.94	163.05	0
0	0	122.6	163.05	0
0	0	122.25	163.05	0
0	0	121.93	163.05	0
0	0	121.61	163.05	0
0	0	120.94	163.05	0
0	0	120.59	163.05	0
0	0	119.6	163.05	0
0	0	119.28	163.05	0
0	0	118.93	163.05	0
0	0	118.61	163.05	0
0	0	117.94	163.05	0
0	0	117.27	163.05	0
0	0	116.96	163.05	0
0	0	116.6	163.05	0
0	0	116.29	163.05	0
0	0	115.93	163.05	0
0	0	115.62	163.05	0
0	0	115.26	163.05	0
0	0	114.94	163.05	0
0	0	114.27	163.05	0
0	0	113.6	163.05	0
0	0	113.29	163.05	0
0	0	112.62	163.05	0
0	0	112.26	163.05	0
0	0	111.63	163.05	0
0	0	110.96	163.41	0
0	0	110.61	163.41	0
0	0	109.94	163.41	0
0	0	108.95	163.41	0
0	0	107.61	163.41	0
0	0	106.62	163.41	0
0	0	106.3	163.41	0
0	0	105.95	163.41	0
0	0	105.63	163.41	0
0	0	104.96	163.41	0
0	0	103.98	163.41	0
0	0	103.31	163.41	0
0	0	102.64	163.41	0
0	0	101.3	163.41	0
0	0	100.98	163.41	0
0	0	99.955	163.41	0
0	0	99.638	163.41	0
0	0	99.32	163.41	0
0	0	98.65	163.41	0
0	0	97.627	163.41	0
0	0	96.64	163.41	0
0	0	95.652	163.41	0
0	0	95.3	163.41	0
0	0	94.982	163.41	0
0	0	94.312	163.41	0
0	0	93.995	163.41	0
0	0	93.642	163.41	0
0	0	93.324	163.41	0
0	0	91.984	163.41	0
0	0	91.667	163.41	0
0	0	90.997	163.41	0
0	0	90.326	163.41	0
0	0	89.974	163.41	0
0	0	89.339	163.41	0
0	0	88.316	163.72	0
0	0	87.646	163.72	0
0	0	86.976	164.08	0
0	0	86.658	164.08	0
0	0	85.988	164.08	0
0	0	84.648	164.08	0
0	0	84.331	164.08	0
0	0	83.66	164.08	0
0	0	83.343	164.08	0
0	0	82.99	163.72	0
0	0	82.003	163.41	0
0	0	81.685	163.41	0
0	0	81.333	163.41	0
0	0	81.015	163.41	0
0	0	80.662	163.41	0
0	0	80.345	163.41	0
0	0	79.992	163.41	0
0	0	79.675	163.41	0
0	0	79.358	163.41	0
0	0	78.335	163.05	0
0	0	77.665	163.05	0
0	0	76.677	163.05	0
0	0	76.36	162.74	0
0	0	76.007	162.74	0
0	0	75.689	162.74	0
0	0	75.337	162.74	0
0	0	75.019	162.74	0
0	0	74.667	162.74	0
0	0	74.032	162.74	0
0	0	73.679	162.74	0
0	0	73.009	162.74	0
0	0	72.339	162.74	0
0	0	72.021	162.74	0
0	0	71.351	163.05	0
0	0	70.681	163.05	0
0	0	70.364	163.05	0
0	0	70.011	163.05	0
0	0	69.341	163.05	0
0	0	68.353	163.05	0
0	0	68.036	163.05	0
0	0	67.683	163.05	0
0	0	67.366	163.05	0
0	0	66.696	163.05	0
0	0	66.378	163.05	0
0	0	66.025	163.05	0
0	0	65.355	163.05	0
0	0	65.038	163.05	0
0	0	64.685	163.05	0
0	0	64.368	163.05	0
0	0	64.05	163.05	0
0	0	63.698	163.05	0
0	0	63.027	163.05	0
0	0	62.71	163.05	0
0	0	62.357	163.05	0
0	0	62.04	163.05	0
0	0	61.37	163.05	0
0	0	60.7	163.05	0
0	0	59.359	163.05	0
0	0	58.725	163.05	0
0	0	57.384	163.05	0
0	0	56.044	163.05	0
0	0	55.727	163.05	0
0	0	55.056	163.05	0
0	0	54.704	163.05	0
0	0	54.069	163.05	0
0	0	53.716	163.05	0
0	0	53.716	163.41	0
0	0	53.399	163.41	0
0	0	52.729	163.05	0
0	0	52.376	163.05	0
0	0	52.059	162.74	0
0	0	51.706	162.74	0
0	0	51.388	162.74	0
0	0	51.071	162.74	0
0	0	50.718	162.74	0
0	0	50.401	162.74	0
0	0	50.048	162.74	0
0	0	49.731	162.74	0
0	0	49.378	162.74	0
0	0	49.061	162.74	0
0	0	48.743	163.05	0
0	0	48.39	163.05	0
0	0	47.72	163.05	0
0	0	47.403	163.05	0
0	0	47.05	163.05	0
0	0	46.415	163.05	0
0	0	45.745	163.05	0
0	0	45.392	163.05	0
0	0	45.392	163.41	0
0	0	45.075	163.41	0
0	0	44.722	163.41	0
0	0	44.405	163.41	0
0	0	44.088	163.41	0
0	0	43.417	163.41	0
0	0	42.395	163.41	0
0	0	42.077	163.41	0
0	0	41.407	163.41	0
0	0	41.09	163.41	0
0	0	40.419	163.41	0
0	0	40.067	163.41	0
0	0	39.749	163.41	0
0	0	39.397	163.41	0
0	0	39.079	163.41	0
0	0	38.762	163.41	0
0	0	38.409	163.41	0
0	0	37.739	163.41	0
0	0	37.421	163.41	0
0	0	37.069	163.41	0
0	0	36.751	163.41	0
0	0	36.434	163.41	0
0	0	36.081	163.41	0
0	0	34.071	163.41	0
0	0	33.753	163.41	0
0	0	33.083	163.41	0
0	0	32.766	163.41	0
0	0	32.413	163.41	0
0	0	31.743	163.41	0
0	0	31.426	163.41	0
0	0	31.108	163.41	0
0	0	30.755	163.41	0
0	0	30.438	163.41	0
0	0	30.085	163.41	0
0	0	29.768	163.41	0
0	0	29.768	163.72	0
0	0	29.415	163.72	0
0	0	29.098	163.72	0
0	0	28.78	163.72	0
0	0	28.428	163.72	0
0	0	28.11	163.72	0
0	0	27.757	163.72	0
0	0	28.11	163.72	0
