0	0	60.03	30.297	0
0	0	59.712	30.297	0
0	0	59.359	30.297	0
0	0	59.042	30.297	0
0	0	58.725	30.297	0
0	0	58.372	30.297	0
0	0	58.054	30.297	0
0	0	57.702	30.297	0
0	0	57.384	30.297	0
0	0	56.714	30.297	0
0	0	56.044	30.297	0
0	0	55.727	30.297	0
0	0	55.374	30.297	0
0	0	55.374	30.65	0
0	0	55.056	30.65	0
0	0	54.704	30.65	0
0	0	54.386	30.65	0
0	0	54.069	30.65	0
0	0	53.716	30.65	0
0	0	53.399	30.65	0
0	0	53.046	30.65	0
0	0	52.729	30.65	0
0	0	52.376	30.65	0
0	0	52.059	30.65	0
0	0	51.706	30.65	0
0	0	51.388	30.65	0
0	0	51.071	30.65	0
0	0	50.718	30.65	0
0	0	50.401	30.65	0
0	0	50.048	30.65	0
0	0	49.731	30.65	0
0	0	49.378	30.65	0
0	0	48.743	30.65	0
0	0	47.72	30.65	0
0	0	47.403	30.65	0
0	0	47.05	30.967	0
0	0	46.733	30.967	0
0	0	46.415	30.967	0
0	0	46.063	30.967	0
0	0	45.745	30.967	0
0	0	45.392	30.967	0
0	0	44.722	30.967	0
0	0	44.088	30.967	0
0	0	43.735	31.32	0
0	0	43.417	31.32	0
0	0	43.065	31.32	0
0	0	42.747	31.32	0
0	0	42.395	31.32	0
0	0	42.077	31.637	0
0	0	41.724	31.637	0
0	0	41.407	31.637	0
0	0	40.737	31.637	0
0	0	40.419	31.637	0
0	0	40.067	31.955	0
0	0	39.397	31.955	0
0	0	38.762	32.307	0
0	0	37.739	32.625	0
0	0	37.421	32.625	0
0	0	36.751	32.625	0
0	0	36.081	32.977	0
0	0	35.764	33.295	0
0	0	35.411	33.295	0
0	0	35.094	33.648	0
0	0	34.741	33.648	0
0	0	34.424	33.648	0
0	0	33.753	33.965	0
0	0	33.436	33.965	0
0	0	33.083	33.965	0
0	0	32.766	34.282	0
0	0	32.096	34.635	0
0	0	31.426	34.635	0
0	0	31.108	34.635	0
0	0	30.755	34.953	0
0	0	30.438	34.953	0
0	0	29.768	35.305	0
0	0	29.415	35.623	0
0	0	29.098	35.623	0
0	0	28.78	35.975	0
0	0	28.428	35.975	0
0	0	28.11	35.975	0
0	0	27.757	36.293	0
0	0	27.44	36.293	0
0	0	27.087	36.293	0
0	0	26.77	36.293	0
0	0	26.77	36.61	0
0	0	26.453	36.963	0
0	0	26.1	36.963	0
0	0	25.782	37.28	0
0	0	25.43	37.633	0
0	0	25.112	38.303	0
0	0	24.76	38.621	0
0	0	24.76	38.973	0
0	0	24.442	39.291	0
0	0	24.089	39.291	0
0	0	24.089	39.608	0
0	0	23.772	39.608	0
0	0	23.455	39.961	0
0	0	23.455	40.278	0
0	0	23.102	40.278	0
0	0	22.114	40.948	0
0	0	21.127	41.619	0
0	0	21.127	41.936	0
0	0	20.774	42.289	0
0	0	20.457	42.289	0
0	0	20.457	42.606	0
0	0	20.104	42.959	0
0	0	19.786	42.959	0
0	0	19.434	43.629	0
0	0	19.116	43.946	0
0	0	18.799	44.264	0
0	0	18.446	44.264	0
0	0	18.129	44.934	0
0	0	18.129	45.287	0
0	0	17.776	45.604	0
0	0	17.776	46.274	0
0	0	17.459	46.274	0
0	0	17.459	46.592	0
0	0	17.106	46.592	0
0	0	17.106	46.944	0
0	0	16.789	46.944	0
0	0	16.436	47.262	0
0	0	16.436	47.615	0
0	0	16.436	47.932	0
0	0	16.118	48.285	0
0	0	15.801	48.602	0
0	0	15.801	48.955	0
0	0	15.131	49.942	0
0	0	15.131	50.612	0
0	0	14.778	50.93	0
0	0	14.778	51.283	0
0	0	14.778	51.6	0
0	0	14.461	51.6	0
0	0	14.461	52.588	0
0	0	14.108	52.588	0
0	0	14.108	52.94	0
0	0	14.108	53.61	0
0	0	14.108	53.928	0
0	0	13.791	53.928	0
0	0	13.791	54.245	0
0	0	13.791	54.598	0
0	0	13.473	54.598	0
0	0	13.473	54.915	0
0	0	13.473	55.268	0
0	0	13.12	55.268	0
0	0	13.12	55.586	0
0	0	12.803	55.938	0
0	0	12.45	56.256	0
0	0	12.45	56.608	0
0	0	12.133	56.926	0
0	0	11.78	58.936	0
0	0	11.463	59.571	0
0	0	11.463	59.924	0
0	0	11.145	60.594	0
0	0	11.145	61.581	0
0	0	10.793	62.252	0
0	0	10.793	62.569	0
0	0	10.793	62.922	0
0	0	10.793	63.239	0
0	0	10.793	63.592	0
0	0	10.793	63.909	0
0	0	10.793	64.579	0
0	0	10.793	65.25	0
0	0	10.793	65.567	0
0	0	10.793	65.92	0
0	0	10.793	66.237	0
0	0	11.145	66.59	0
0	0	11.145	66.907	0
0	0	11.145	67.225	0
0	0	11.145	67.577	0
0	0	11.463	67.577	0
0	0	11.463	67.895	0
0	0	11.78	68.247	0
0	0	12.133	68.565	0
0	0	12.45	69.235	0
0	0	12.45	69.552	0
0	0	12.45	69.905	0
0	0	12.803	70.223	0
0	0	12.803	70.575	0
0	0	13.12	70.893	0
0	0	13.473	70.893	0
0	0	13.473	71.245	0
0	0	13.791	71.245	0
0	0	13.791	71.563	0
0	0	13.791	71.88	0
0	0	14.108	72.233	0
0	0	14.108	72.55	0
0	0	14.461	72.903	0
0	0	14.778	73.221	0
0	0	15.131	73.573	0
0	0	15.448	73.573	0
0	0	15.801	73.891	0
0	0	17.776	74.561	0
0	0	18.129	74.878	0
0	0	18.446	75.231	0
0	0	19.116	75.231	0
0	0	19.434	75.231	0
0	0	19.786	75.231	0
0	0	20.104	75.548	0
0	0	20.457	75.548	0
0	0	20.774	75.548	0
0	0	21.127	75.901	0
0	0	21.444	75.901	0
0	0	21.762	75.901	0
0	0	21.762	76.218	0
0	0	22.432	76.571	0
0	0	23.455	76.571	0
0	0	23.772	76.889	0
0	0	24.442	76.889	0
0	0	24.76	76.889	0
0	0	25.112	77.206	0
0	0	25.782	77.206	0
0	0	26.1	77.206	0
0	0	26.77	77.206	0
0	0	26.77	77.559	0
0	0	27.44	77.559	0
0	0	28.11	77.559	0
0	0	28.428	77.559	0
0	0	28.78	77.559	0
0	0	29.415	77.559	0
0	0	30.438	77.876	0
0	0	30.755	77.876	0
0	0	31.108	77.876	0
0	0	31.426	77.876	0
0	0	31.743	77.876	0
0	0	32.413	77.876	0
0	0	32.766	77.559	0
0	0	33.436	77.559	0
0	0	34.071	77.559	0
0	0	34.741	77.206	0
0	0	35.411	77.206	0
0	0	36.081	76.889	0
0	0	36.434	76.571	0
0	0	36.434	76.218	0
0	0	36.434	75.548	0
0	0	35.411	71.88	0
0	0	34.741	69.552	0
0	0	34.071	68.247	0
0	0	34.071	67.895	0
0	0	33.753	67.577	0
0	0	33.753	67.225	0
0	0	33.436	66.907	0
0	0	33.436	66.59	0
0	0	33.436	66.237	0
0	0	33.083	65.567	0
0	0	32.766	64.897	0
0	0	32.096	64.227	0
0	0	32.096	63.909	0
0	0	32.096	63.592	0
0	0	32.096	63.239	0
0	0	32.096	62.922	0
0	0	32.096	62.569	0
0	0	32.096	62.252	0
0	0	31.743	61.264	0
0	0	31.743	60.911	0
0	0	31.743	60.241	0
0	0	31.743	59.571	0
0	0	33.083	58.583	0
0	0	33.753	58.266	0
0	0	34.071	58.266	0
0	0	34.741	58.266	0
0	0	35.094	58.266	0
0	0	35.764	58.266	0
0	0	36.434	57.596	0
0	0	36.751	57.243	0
0	0	37.421	56.926	0
0	0	38.092	56.256	0
0	0	38.409	55.938	0
0	0	38.409	55.586	0
0	0	38.762	55.586	0
0	0	39.079	55.586	0
0	0	39.749	55.586	0
0	0	40.067	55.586	0
0	0	40.419	55.586	0
0	0	40.419	55.938	0
0	0	40.419	56.256	0
0	0	40.419	56.608	0
0	0	40.737	56.608	0
0	0	41.09	57.243	0
0	0	42.077	57.913	0
0	0	43.417	59.571	0
0	0	43.735	59.571	0
0	0	43.735	59.924	0
0	0	43.735	60.241	0
0	0	44.088	60.594	0
0	0	44.405	60.911	0
0	0	44.722	61.581	0
0	0	45.075	61.581	0
0	0	45.075	61.899	0
0	0	45.392	61.899	0
0	0	45.745	61.899	0
0	0	45.745	62.252	0
0	0	46.063	62.252	0
0	0	46.415	62.252	0
0	0	46.415	62.569	0
0	0	47.05	62.922	0
0	0	47.403	63.239	0
0	0	47.72	63.239	0
0	0	48.073	63.239	0
0	0	48.073	63.592	0
0	0	48.39	63.592	0
0	0	48.39	63.909	0
0	0	48.743	63.909	0
0	0	48.743	64.227	0
0	0	49.061	64.579	0
0	0	49.378	64.579	0
0	0	49.731	64.579	0
0	0	49.731	64.897	0
0	0	49.731	65.25	0
0	0	49.731	65.567	0
0	0	49.731	65.92	0
0	0	50.048	66.237	0
0	0	50.401	66.237	0
0	0	50.718	66.237	0
0	0	50.718	66.59	0
0	0	50.718	66.907	0
0	0	51.071	66.907	0
0	0	51.706	67.225	0
0	0	52.059	67.895	0
0	0	52.059	68.247	0
0	0	52.059	68.918	0
0	0	52.059	69.235	0
0	0	52.376	69.552	0
0	0	52.376	69.905	0
0	0	52.729	70.223	0
0	0	53.046	70.223	0
0	0	53.046	70.575	0
0	0	53.716	70.893	0
0	0	54.386	71.563	0
0	0	55.056	71.88	0
0	0	55.374	72.233	0
0	0	55.727	72.233	0
0	0	56.044	72.233	0
0	0	56.714	72.55	0
0	0	57.032	72.55	0
0	0	57.384	72.55	0
0	0	58.054	72.903	0
0	0	58.372	72.903	0
0	0	58.372	73.221	0
0	0	59.042	73.221	0
0	0	61.052	73.891	0
0	0	62.357	74.243	0
0	0	62.71	74.243	0
0	0	63.027	74.243	0
0	0	63.38	74.243	0
0	0	63.698	74.243	0
0	0	64.05	74.243	0
0	0	64.368	74.243	0
0	0	64.685	74.243	0
0	0	65.355	74.243	0
0	0	66.378	74.243	0
0	0	67.013	74.243	0
0	0	67.366	74.243	0
0	0	67.683	74.243	0
0	0	68.036	74.243	0
0	0	68.036	73.891	0
0	0	68.353	73.891	0
0	0	68.706	73.573	0
0	0	69.023	73.573	0
0	0	69.023	73.221	0
0	0	69.023	72.903	0
0	0	69.341	72.55	0
0	0	69.341	72.233	0
0	0	70.011	71.245	0
0	0	70.681	70.223	0
0	0	70.681	69.905	0
0	0	71.351	69.905	0
0	0	74.667	68.918	0
0	0	75.019	68.565	0
0	0	75.337	68.247	0
0	0	75.337	67.577	0
0	0	75.337	67.225	0
0	0	75.337	66.907	0
0	0	75.337	66.59	0
0	0	75.337	65.92	0
0	0	75.337	64.897	0
0	0	75.689	63.592	0
0	0	76.007	62.569	0
0	0	76.007	62.252	0
0	0	76.36	62.252	0
0	0	76.36	61.899	0
0	0	76.677	61.899	0
0	0	76.994	61.899	0
0	0	76.994	61.581	0
0	0	77.347	60.911	0
0	0	77.665	60.594	0
0	0	78.017	59.924	0
0	0	78.335	59.254	0
0	0	78.687	59.254	0
0	0	78.687	58.936	0
0	0	79.005	58.936	0
0	0	79.005	58.583	0
0	0	79.358	58.266	0
0	0	79.675	57.913	0
0	0	79.992	57.243	0
0	0	80.345	57.243	0
0	0	80.345	56.926	0
0	0	81.015	56.608	0
0	0	82.003	55.938	0
0	0	82.32	55.586	0
0	0	82.99	54.915	0
0	0	83.66	54.598	0
0	0	84.013	54.245	0
0	0	84.013	53.928	0
0	0	84.331	53.928	0
0	0	84.648	53.61	0
0	0	85.001	53.258	0
0	0	85.318	52.94	0
0	0	85.671	52.588	0
0	0	85.671	52.27	0
0	0	85.988	52.27	0
0	0	86.341	51.917	0
0	0	86.658	51.6	0
0	0	86.976	51.283	0
0	0	87.646	50.93	0
0	0	87.646	50.26	0
0	0	88.316	49.59	0
0	0	88.669	49.272	0
0	0	89.339	48.602	0
0	0	89.339	48.285	0
0	0	89.656	48.285	0
0	0	89.974	48.285	0
0	0	90.644	47.615	0
0	0	91.667	47.262	0
0	0	91.984	46.592	0
0	0	92.972	45.957	0
0	0	94.312	44.934	0
0	0	96.993	42.959	0
0	0	98.65	41.619	0
0	0	98.968	41.301	0
0	0	99.32	41.301	0
0	0	99.638	41.301	0
0	0	99.955	41.301	0
0	0	100.31	41.301	0
0	0	101.3	41.301	0
0	0	101.65	41.301	0
0	0	102.28	40.948	0
0	0	102.95	40.631	0
0	0	103.31	40.278	0
0	0	103.62	40.278	0
0	0	103.98	40.278	0
0	0	104.29	40.278	0
0	0	104.96	40.278	0
0	0	105.28	40.278	0
0	0	105.63	40.278	0
0	0	106.3	39.961	0
0	0	106.62	39.961	0
0	0	106.97	39.961	0
0	0	107.29	39.608	0
0	0	107.61	39.608	0
0	0	107.96	38.973	0
0	0	108.63	38.621	0
0	0	108.95	38.621	0
0	0	110.29	37.951	0
0	0	111.63	37.28	0
0	0	112.26	36.61	0
0	0	112.26	36.293	0
0	0	112.26	35.975	0
0	0	111.95	35.975	0
0	0	111.95	35.623	0
0	0	111.95	35.305	0
0	0	111.63	34.635	0
0	0	111.63	34.282	0
0	0	111.63	33.648	0
0	0	111.28	33.648	0
0	0	111.28	33.295	0
0	0	111.28	32.977	0
0	0	111.28	32.625	0
0	0	111.28	32.307	0
0	0	110.96	32.307	0
0	0	110.96	31.955	0
0	0	110.61	31.32	0
0	0	110.61	30.967	0
0	0	110.29	30.65	0
0	0	110.29	30.297	0
0	0	110.29	29.98	0
0	0	110.29	29.627	0
0	0	110.29	29.309	0
0	0	110.29	28.957	0
0	0	110.29	28.639	0
0	0	110.29	28.322	0
0	0	110.29	27.969	0
0	0	110.29	27.652	0
0	0	110.29	27.299	0
0	0	110.29	26.982	0
0	0	110.29	26.629	0
0	0	110.29	26.311	0
0	0	110.61	26.311	0
0	0	110.96	25.994	0
0	0	111.28	25.324	0
0	0	111.63	24.971	0
0	0	111.95	24.654	0
0	0	112.26	24.654	0
0	0	112.62	24.301	0
0	0	112.93	24.301	0
0	0	113.29	23.984	0
0	0	113.6	23.984	0
0	0	113.6	23.666	0
0	0	114.27	22.996	0
0	0	114.63	22.326	0
0	0	114.94	22.326	0
0	0	115.26	22.326	0
0	0	115.62	22.326	0
0	0	116.29	22.326	0
0	0	116.6	22.326	0
0	0	117.27	22.326	0
0	0	117.59	22.326	0
0	0	118.26	22.326	0
0	0	118.93	22.326	0
0	0	119.6	22.326	0
0	0	119.92	22.326	0
0	0	120.27	22.326	0
0	0	120.59	22.326	0
0	0	120.94	22.326	0
0	0	121.93	22.326	0
0	0	121.93	22.643	0
0	0	122.25	22.643	0
0	0	122.25	22.996	0
0	0	122.25	23.313	0
0	0	122.6	23.313	0
0	0	122.6	23.666	0
0	0	122.92	23.666	0
0	0	123.59	23.666	0
0	0	123.94	23.984	0
0	0	124.26	23.984	0
0	0	124.93	23.984	0
0	0	125.6	23.984	0
0	0	125.91	24.301	0
0	0	126.27	24.301	0
0	0	126.94	24.301	0
0	0	127.92	24.654	0
0	0	128.91	24.654	0
0	0	129.9	24.971	0
0	0	130.25	25.324	0
0	0	130.57	25.324	0
0	0	130.92	25.641	0
0	0	131.24	25.641	0
0	0	131.59	25.994	0
0	0	132.26	25.994	0
0	0	132.58	25.994	0
0	0	133.25	26.311	0
0	0	133.57	26.629	0
0	0	133.92	26.629	0
0	0	134.24	26.982	0
0	0	134.59	27.299	0
0	0	134.91	28.322	0
0	0	136.92	29.98	0
0	0	140.23	32.625	0
0	0	142.56	35.305	0
0	0	145.56	37.633	0
0	0	146.55	38.621	0
0	0	146.55	38.973	0
0	0	146.55	39.291	0
0	0	146.55	39.608	0
0	0	146.9	39.961	0
0	0	146.9	40.278	0
0	0	146.9	40.631	0
0	0	146.9	40.948	0
0	0	146.9	41.301	0
0	0	146.9	41.619	0
0	0	146.9	41.936	0
0	0	146.9	42.606	0
0	0	146.9	43.276	0
0	0	146.9	43.629	0
0	0	146.9	43.946	0
0	0	146.9	44.264	0
0	0	146.55	44.264	0
0	0	146.55	44.617	0
0	0	146.55	44.934	0
0	0	146.23	44.934	0
0	0	145.88	45.957	0
0	0	145.21	46.592	0
0	0	144.89	46.944	0
0	0	144.57	47.262	0
0	0	143.9	47.932	0
0	0	143.55	48.285	0
0	0	143.55	48.602	0
0	0	143.23	49.272	0
0	0	142.88	49.272	0
0	0	142.56	49.59	0
0	0	142.56	49.942	0
0	0	142.24	50.26	0
0	0	141.89	50.612	0
0	0	141.89	50.93	0
0	0	141.22	50.93	0
0	0	140.9	50.93	0
0	0	140.23	50.93	0
0	0	139.88	51.283	0
0	0	139.56	51.283	0
0	0	138.89	51.283	0
0	0	138.22	51.6	0
0	0	137.91	51.6	0
0	0	136.92	51.917	0
0	0	135.9	52.27	0
0	0	135.58	52.588	0
0	0	135.23	52.588	0
0	0	134.24	52.588	0
0	0	133.92	52.94	0
0	0	133.57	53.258	0
0	0	132.9	53.258	0
0	0	132.58	53.258	0
0	0	132.26	53.61	0
0	0	131.91	53.61	0
0	0	131.59	53.61	0
0	0	130.92	53.928	0
0	0	130.57	54.245	0
0	0	130.25	54.245	0
0	0	129.9	54.245	0
0	0	129.58	54.245	0
0	0	129.26	54.245	0
0	0	128.91	54.245	0
0	0	128.59	54.245	0
0	0	128.24	54.598	0
0	0	127.25	54.915	0
0	0	126.94	54.915	0
0	0	126.27	55.268	0
0	0	125.6	55.268	0
0	0	124.93	55.586	0
0	0	124.61	55.938	0
0	0	123.94	56.256	0
0	0	123.59	56.256	0
0	0	123.27	56.608	0
0	0	122.92	57.243	0
0	0	122.6	57.243	0
0	0	121.93	57.596	0
0	0	121.26	58.266	0
0	0	120.59	58.583	0
0	0	120.27	58.936	0
0	0	119.92	59.571	0
0	0	119.6	59.571	0
0	0	119.28	59.924	0
0	0	119.28	60.241	0
0	0	118.93	60.241	0
0	0	118.93	60.594	0
0	0	118.26	61.264	0
0	0	117.94	61.899	0
0	0	117.59	62.569	0
0	0	116.96	62.922	0
0	0	116.96	63.592	0
0	0	116.6	64.227	0
0	0	116.29	64.579	0
0	0	115.93	64.897	0
0	0	115.26	65.567	0
0	0	114.63	66.237	0
0	0	113.96	66.907	0
0	0	113.29	67.577	0
0	0	112.93	67.895	0
0	0	112.62	68.247	0
0	0	112.62	68.565	0
0	0	112.26	69.235	0
0	0	112.26	69.552	0
0	0	111.95	69.552	0
0	0	111.95	69.905	0
0	0	111.63	70.575	0
0	0	111.28	71.563	0
0	0	110.96	71.88	0
0	0	110.61	72.903	0
0	0	110.61	73.221	0
0	0	110.61	73.573	0
0	0	110.29	73.891	0
0	0	109.94	73.891	0
0	0	109.62	73.891	0
0	0	109.3	74.243	0
0	0	108.95	74.561	0
0	0	108.63	75.231	0
0	0	108.28	76.218	0
0	0	107.96	76.571	0
0	0	107.29	77.876	0
0	0	106.62	79.216	0
0	0	106.62	79.887	0
0	0	106.62	80.874	0
0	0	106.62	81.544	0
0	0	106.62	82.532	0
0	0	106.62	83.555	0
0	0	106.97	83.872	0
0	0	107.29	84.542	0
0	0	107.61	84.542	0
0	0	107.61	84.86	0
0	0	107.96	84.86	0
0	0	108.28	84.86	0
0	0	108.63	85.212	0
0	0	108.95	85.53	0
0	0	109.3	85.882	0
0	0	109.94	85.882	0
0	0	110.29	85.882	0
0	0	110.61	86.2	0
0	0	110.96	86.2	0
0	0	111.28	86.2	0
0	0	111.63	86.2	0
0	0	111.95	86.553	0
0	0	112.26	86.87	0
0	0	112.93	87.187	0
0	0	113.96	87.187	0
0	0	114.94	87.187	0
0	0	115.93	87.54	0
0	0	116.96	87.54	0
0	0	117.27	87.54	0
0	0	117.94	87.54	0
0	0	119.28	87.54	0
0	0	119.92	87.54	0
0	0	120.94	87.858	0
0	0	121.26	87.858	0
0	0	121.61	87.858	0
0	0	122.25	87.858	0
0	0	122.92	87.858	0
0	0	123.59	87.858	0
0	0	124.61	87.858	0
0	0	126.27	87.54	0
0	0	127.25	87.187	0
0	0	127.92	87.187	0
0	0	128.59	87.187	0
0	0	129.26	86.87	0
0	0	129.9	86.87	0
0	0	130.25	86.87	0
0	0	130.25	86.553	0
0	0	130.57	86.553	0
0	0	130.57	86.2	0
0	0	130.57	85.882	0
0	0	130.57	85.53	0
0	0	130.57	85.212	0
0	0	130.92	84.542	0
0	0	131.24	84.225	0
0	0	131.24	83.872	0
0	0	131.24	83.555	0
0	0	131.59	83.202	0
0	0	131.59	82.532	0
0	0	131.59	82.214	0
0	0	131.59	81.544	0
0	0	131.59	80.874	0
0	0	132.58	76.889	0
0	0	133.92	71.245	0
0	0	134.59	68.565	0
0	0	134.91	67.577	0
0	0	134.91	66.907	0
0	0	134.91	66.59	0
0	0	134.91	66.237	0
0	0	134.91	65.92	0
0	0	135.23	65.92	0
0	0	135.58	65.92	0
0	0	136.25	65.92	0
0	0	136.25	65.567	0
0	0	136.57	65.567	0
0	0	136.57	65.25	0
0	0	136.92	64.897	0
0	0	137.24	64.579	0
0	0	137.55	64.579	0
0	0	137.91	64.579	0
0	0	138.22	64.579	0
0	0	138.89	64.579	0
0	0	138.89	64.227	0
0	0	139.25	64.227	0
0	0	139.56	64.227	0
0	0	139.88	64.227	0
0	0	141.22	64.579	0
0	0	142.88	64.897	0
0	0	143.9	65.25	0
0	0	145.56	65.567	0
0	0	146.55	65.567	0
0	0	147.53	65.567	0
0	0	148.56	65.567	0
0	0	149.54	65.92	0
0	0	150.53	65.92	0
0	0	150.89	65.92	0
0	0	151.56	65.92	0
0	0	151.87	65.92	0
0	0	152.23	65.92	0
0	0	152.54	65.92	0
0	0	152.86	65.92	0
0	0	153.21	65.92	0
0	0	153.21	66.237	0
0	0	153.21	66.59	0
0	0	153.53	66.59	0
0	0	153.88	66.907	0
0	0	154.87	67.225	0
0	0	155.19	67.895	0
0	0	156.21	68.918	0
0	0	157.2	69.905	0
0	0	157.87	70.893	0
0	0	158.86	71.563	0
0	0	160.2	72.903	0
0	0	160.51	73.221	0
0	0	160.51	73.573	0
0	0	160.51	73.891	0
0	0	160.51	74.243	0
0	0	160.51	74.561	0
0	0	160.51	74.878	0
0	0	160.51	75.901	0
0	0	160.51	76.571	0
0	0	160.87	77.876	0
0	0	161.18	78.546	0
0	0	161.18	78.899	0
0	0	161.18	79.216	0
0	0	161.18	79.534	0
0	0	161.18	80.204	0
0	0	161.18	81.544	0
0	0	161.18	82.532	0
0	0	161.18	82.885	0
0	0	161.18	83.202	0
0	0	161.18	83.555	0
0	0	161.18	83.872	0
0	0	161.18	84.225	0
0	0	161.18	84.542	0
0	0	160.87	84.542	0
0	0	160.51	85.212	0
0	0	160.51	85.53	0
0	0	160.51	85.882	0
0	0	160.2	86.2	0
0	0	159.88	86.553	0
0	0	159.53	86.87	0
0	0	159.21	87.187	0
0	0	159.21	87.54	0
0	0	158.86	87.858	0
0	0	158.54	87.858	0
0	0	158.54	88.21	0
0	0	158.19	88.528	0
0	0	157.87	88.528	0
0	0	157.87	88.88	0
0	0	157.52	88.88	0
0	0	157.52	89.198	0
0	0	157.2	89.198	0
0	0	156.88	89.515	0
0	0	156.88	89.868	0
0	0	156.53	89.868	0
0	0	156.53	90.185	0
0	0	156.21	90.185	0
0	0	156.21	90.538	0
0	0	155.86	90.538	0
0	0	154.87	91.526	0
0	0	153.88	92.196	0
0	0	153.21	92.866	0
0	0	152.86	92.866	0
0	0	152.54	93.183	0
0	0	152.23	93.183	0
0	0	152.23	93.536	0
0	0	151.87	93.536	0
0	0	151.56	93.536	0
0	0	151.2	93.536	0
0	0	151.2	93.853	0
0	0	150.89	94.206	0
0	0	150.53	94.206	0
0	0	150.21	94.206	0
0	0	149.9	94.206	0
0	0	149.54	94.524	0
0	0	148.87	94.524	0
0	0	148.56	94.524	0
0	0	148.2	94.524	0
0	0	147.89	94.841	0
0	0	147.53	94.841	0
0	0	147.22	94.841	0
0	0	146.55	95.194	0
0	0	146.23	95.511	0
0	0	145.88	95.511	0
0	0	145.88	95.194	0
0	0	145.56	95.194	0
0	0	145.21	95.194	0
0	0	144.89	95.194	0
0	0	144.57	95.194	0
0	0	144.22	95.194	0
0	0	143.23	95.511	0
0	0	142.56	95.511	0
0	0	141.89	95.511	0
0	0	141.22	95.511	0
0	0	140.55	95.511	0
0	0	140.23	95.511	0
0	0	139.88	95.864	0
0	0	139.56	95.864	0
0	0	138.89	95.864	0
0	0	138.58	96.181	0
0	0	138.22	96.181	0
0	0	137.91	96.534	0
0	0	137.55	96.534	0
0	0	137.24	96.851	0
0	0	136.92	96.851	0
0	0	136.57	97.169	0
0	0	136.25	97.169	0
0	0	135.9	97.169	0
0	0	135.58	97.169	0
0	0	135.23	97.169	0
0	0	134.91	97.169	0
0	0	134.59	97.169	0
0	0	133.92	97.522	0
0	0	133.57	97.522	0
0	0	133.25	97.522	0
0	0	132.58	97.522	0
0	0	131.91	97.522	0
0	0	131.59	97.522	0
0	0	131.24	97.522	0
0	0	130.92	97.522	0
0	0	130.57	97.522	0
0	0	130.25	97.522	0
0	0	129.9	97.522	0
0	0	129.26	97.522	0
0	0	128.91	97.522	0
0	0	128.59	97.522	0
0	0	127.92	97.522	0
0	0	127.57	97.522	0
0	0	126.94	97.522	0
0	0	126.58	97.522	0
0	0	126.27	97.522	0
0	0	125.91	97.522	0
0	0	125.6	97.522	0
0	0	125.24	97.522	0
0	0	124.61	97.522	0
0	0	124.26	97.522	0
0	0	123.59	97.522	0
0	0	123.27	97.522	0
0	0	122.92	97.522	0
0	0	122.6	97.522	0
0	0	122.25	97.522	0
0	0	121.93	97.522	0
0	0	121.61	97.522	0
0	0	121.26	97.522	0
0	0	120.94	97.522	0
0	0	120.59	97.522	0
0	0	120.27	97.522	0
0	0	119.92	97.522	0
0	0	119.28	97.522	0
0	0	118.61	97.522	0
0	0	118.26	97.522	0
0	0	117.94	97.522	0
0	0	117.59	97.522	0
0	0	117.27	97.522	0
0	0	116.96	97.169	0
0	0	116.6	97.169	0
0	0	116.29	97.169	0
0	0	115.93	97.169	0
0	0	115.62	97.169	0
0	0	115.26	97.169	0
0	0	114.63	97.169	0
0	0	114.27	97.169	0
0	0	113.6	97.169	0
0	0	113.29	97.169	0
0	0	112.62	97.169	0
0	0	112.26	97.169	0
0	0	111.95	97.169	0
0	0	111.63	97.169	0
0	0	111.28	97.169	0
0	0	110.96	97.169	0
0	0	110.29	97.169	0
0	0	109.94	97.169	0
0	0	109.62	97.169	0
0	0	109.3	97.169	0
0	0	108.95	97.169	0
0	0	108.63	97.169	0
0	0	108.28	97.169	0
0	0	107.96	97.169	0
0	0	107.29	97.169	0
0	0	106.97	97.169	0
0	0	106.62	97.169	0
0	0	106.3	97.169	0
0	0	105.95	97.169	0
0	0	105.63	97.169	0
0	0	104.96	97.169	0
0	0	104.29	97.169	0
0	0	103.98	96.851	0
0	0	103.31	96.534	0
0	0	102.95	96.181	0
0	0	101.97	95.864	0
0	0	101.3	95.864	0
0	0	100.98	95.864	0
0	0	100.31	95.864	0
0	0	99.32	95.864	0
0	0	98.297	95.864	0
0	0	97.31	95.864	0
0	0	96.993	95.864	0
0	0	96.993	96.181	0
0	0	96.322	96.181	0
0	0	95.97	96.181	0
0	0	95.97	96.534	0
0	0	95.652	96.534	0
0	0	95.3	96.851	0
0	0	94.982	96.851	0
0	0	94.629	97.169	0
0	0	93.324	97.169	0
0	0	92.654	97.169	0
0	0	91.984	97.169	0
0	0	91.314	97.169	0
0	0	90.644	97.169	0
0	0	89.974	97.522	0
0	0	89.656	97.522	0
0	0	88.986	97.522	0
0	0	88.316	97.522	0
0	0	87.646	97.522	0
0	0	87.329	97.522	0
0	0	86.976	97.522	0
0	0	86.658	97.522	0
0	0	85.988	97.522	0
0	0	85.671	97.522	0
0	0	85.318	97.522	0
0	0	85.001	97.522	0
0	0	84.648	97.522	0
0	0	84.331	97.522	0
0	0	84.013	97.522	0
0	0	83.66	97.169	0
0	0	83.343	96.851	0
0	0	82.99	96.534	0
0	0	82.673	96.534	0
0	0	82.32	96.534	0
0	0	81.685	96.534	0
0	0	81.333	96.534	0
0	0	81.015	96.534	0
0	0	80.662	96.534	0
0	0	80.345	96.534	0
0	0	79.992	96.534	0
0	0	79.675	96.534	0
0	0	78.687	96.534	0
0	0	78.335	96.534	0
0	0	78.017	96.534	0
0	0	78.017	96.851	0
0	0	76.994	97.522	0
0	0	76.677	98.192	0
0	0	76.677	98.509	0
0	0	76.36	98.509	0
0	0	76.007	98.509	0
0	0	75.337	98.509	0
0	0	75.019	98.509	0
0	0	74.667	98.509	0
0	0	74.349	98.509	0
0	0	74.032	98.509	0
0	0	74.032	98.192	0
0	0	73.362	98.192	0
0	0	72.691	98.192	0
0	0	72.339	98.192	0
0	0	72.021	98.192	0
0	0	71.704	98.192	0
0	0	71.034	98.192	0
0	0	70.681	98.192	0
0	0	70.364	98.192	0
0	0	69.694	98.192	0
0	0	69.341	98.192	0
0	0	69.023	98.192	0
0	0	68.706	98.192	0
0	0	68.353	98.192	0
0	0	68.036	98.192	0
0	0	67.683	98.192	0
0	0	66.378	98.192	0
0	0	65.708	98.192	0
0	0	65.038	98.192	0
0	0	64.368	98.192	0
0	0	63.698	97.839	0
0	0	63.38	97.839	0
0	0	63.027	97.839	0
0	0	62.71	97.839	0
0	0	62.04	97.522	0
0	0	61.37	97.169	0
0	0	61.052	97.169	0
0	0	60.382	96.851	0
0	0	60.03	96.851	0
0	0	59.042	96.851	0
0	0	58.725	96.851	0
0	0	58.054	96.851	0
0	0	57.702	96.851	0
0	0	57.384	96.851	0
0	0	57.032	96.851	0
0	0	56.397	96.851	0
0	0	56.044	96.851	0
0	0	55.727	96.851	0
0	0	55.374	96.851	0
0	0	55.056	96.851	0
0	0	54.704	96.851	0
0	0	54.069	96.851	0
0	0	52.376	96.851	0
0	0	51.388	96.851	0
0	0	51.071	96.851	0
0	0	50.048	96.851	0
0	0	49.731	96.851	0
0	0	49.378	96.851	0
0	0	49.061	96.851	0
0	0	48.743	96.851	0
0	0	47.72	96.851	0
0	0	47.403	96.851	0
0	0	47.05	96.534	0
0	0	46.733	96.534	0
0	0	46.063	96.534	0
0	0	45.392	96.534	0
0	0	45.075	96.534	0
0	0	44.722	96.534	0
0	0	44.405	96.534	0
0	0	44.088	96.534	0
0	0	43.735	96.534	0
0	0	43.417	96.534	0
0	0	43.065	96.181	0
0	0	42.747	96.181	0
0	0	42.077	96.181	0
0	0	41.407	96.181	0
0	0	40.737	96.181	0
0	0	39.749	96.181	0
0	0	39.079	96.181	0
0	0	38.409	96.181	0
0	0	38.092	96.181	0
0	0	37.739	96.181	0
0	0	37.421	96.181	0
0	0	37.069	96.181	0
0	0	36.751	96.181	0
0	0	36.434	96.181	0
0	0	35.764	96.181	0
0	0	35.411	96.181	0
0	0	35.094	95.864	0
0	0	34.741	95.864	0
0	0	34.424	95.864	0
0	0	34.071	95.864	0
0	0	33.753	95.864	0
0	0	33.436	95.864	0
0	0	33.083	96.181	0
0	0	32.766	96.181	0
0	0	32.413	96.181	0
0	0	32.096	96.181	0
0	0	31.743	96.181	0
0	0	31.426	96.181	0
0	0	30.755	96.181	0
0	0	30.438	96.181	0
0	0	30.085	96.181	0
0	0	29.768	96.181	0
0	0	29.415	96.181	0
0	0	29.098	96.181	0
0	0	28.78	96.181	0
0	0	28.428	96.181	0
0	0	28.11	96.181	0
0	0	28.11	96.534	0
0	0	27.757	96.851	0
0	0	27.757	97.169	0
0	0	27.757	97.522	0
0	0	27.757	97.839	0
0	0	27.44	98.192	0
0	0	27.44	98.509	0
0	0	27.44	98.862	0
0	0	27.44	99.179	0
0	0	27.44	99.497	0
0	0	27.44	99.849	0
0	0	27.087	100.52	0
0	0	26.77	100.84	0
0	0	26.77	101.19	0
0	0	26.77	101.51	0
0	0	26.77	102.49	0
0	0	26.453	102.85	0
0	0	26.453	103.52	0
0	0	26.453	103.83	0
0	0	26.453	104.19	0
0	0	26.453	104.82	0
0	0	26.453	105.49	0
0	0	26.453	106.16	0
0	0	26.453	106.83	0
0	0	26.453	107.5	0
0	0	26.453	108.17	0
0	0	26.453	108.84	0
0	0	26.453	109.83	0
0	0	26.77	114.8	0
0	0	27.087	115.83	0
0	0	27.087	116.14	0
0	0	27.087	116.5	0
0	0	27.087	116.81	0
0	0	27.087	117.13	0
0	0	27.087	118.47	0
0	0	27.087	120.13	0
0	0	27.087	120.48	0
0	0	27.087	120.8	0
0	0	27.087	121.47	0
0	0	26.77	122.14	0
0	0	26.77	122.81	0
0	0	26.453	124.15	0
0	0	26.453	124.47	0
0	0	26.453	125.14	0
0	0	26.453	125.46	0
0	0	26.453	125.81	0
0	0	26.453	126.13	0
0	0	26.453	126.48	0
0	0	26.453	126.8	0
0	0	26.77	127.47	0
0	0	27.087	128.14	0
0	0	27.087	128.81	0
0	0	27.087	129.48	0
0	0	27.087	129.79	0
0	0	27.087	130.11	0
0	0	27.087	130.46	0
0	0	27.087	130.78	0
0	0	27.087	131.13	0
0	0	27.087	131.45	0
0	0	27.087	131.8	0
0	0	27.087	132.12	0
0	0	27.087	132.79	0
0	0	27.087	133.11	0
0	0	27.087	133.78	0
0	0	27.087	134.13	0
0	0	27.087	134.77	0
0	0	27.087	135.12	0
0	0	27.087	135.44	0
0	0	26.77	136.11	0
0	0	26.453	136.46	0
0	0	26.1	136.46	0
0	0	25.782	136.46	0
0	0	25.782	136.78	0
0	0	25.782	137.13	0
0	0	25.782	137.76	0
0	0	25.782	138.12	0
0	0	25.782	138.43	0
0	0	26.1	138.43	0
0	0	26.1	138.79	0
0	0	26.453	138.79	0
0	0	26.77	138.79	0
0	0	27.087	138.79	0
0	0	27.44	138.79	0
0	0	27.757	138.79	0
0	0	28.11	138.79	0
0	0	28.78	138.79	0
0	0	29.415	138.79	0
0	0	29.768	138.79	0
0	0	29.768	139.1	0
0	0	30.085	139.1	0
0	0	30.755	139.1	0
0	0	31.426	139.1	0
0	0	32.096	139.1	0
0	0	32.413	139.46	0
0	0	32.766	139.46	0
0	0	33.083	139.46	0
0	0	33.436	139.46	0
0	0	33.753	139.46	0
0	0	34.424	139.46	0
0	0	35.094	139.46	0
0	0	35.411	139.46	0
0	0	36.081	139.46	0
0	0	36.434	139.46	0
0	0	36.751	139.46	0
0	0	37.739	139.46	0
0	0	38.092	139.46	0
0	0	38.409	139.46	0
0	0	38.762	139.46	0
0	0	39.079	139.46	0
0	0	39.749	139.46	0
0	0	40.419	139.46	0
0	0	41.09	139.46	0
0	0	41.407	139.1	0
0	0	41.724	138.79	0
0	0	42.395	138.12	0
0	0	42.747	137.76	0
0	0	43.065	137.45	0
0	0	43.065	137.13	0
0	0	43.065	136.78	0
0	0	43.065	136.46	0
0	0	43.417	136.11	0
0	0	43.417	135.79	0
0	0	43.735	135.79	0
0	0	43.735	135.44	0
0	0	44.088	135.44	0
0	0	44.088	135.12	0
0	0	44.088	134.77	0
0	0	44.405	134.13	0
0	0	44.405	133.78	0
0	0	44.722	133.11	0
0	0	44.722	132.79	0
0	0	44.722	131.8	0
0	0	44.722	130.78	0
0	0	44.722	129.79	0
0	0	44.722	129.48	0
0	0	44.722	129.12	0
0	0	44.722	128.81	0
0	0	44.722	128.45	0
0	0	44.722	128.14	0
0	0	44.722	127.47	0
0	0	44.722	127.15	0
0	0	44.405	126.8	0
0	0	44.405	126.48	0
0	0	44.405	126.13	0
0	0	44.405	125.81	0
0	0	44.405	125.46	0
0	0	44.405	125.14	0
0	0	44.405	124.79	0
0	0	44.405	124.47	0
0	0	44.405	124.15	0
0	0	44.405	123.8	0
0	0	44.405	123.48	0
0	0	44.405	123.13	0
0	0	44.405	122.81	0
0	0	44.405	122.46	0
0	0	44.405	122.14	0
0	0	44.405	121.82	0
0	0	44.405	121.15	0
0	0	44.405	120.48	0
0	0	44.405	119.14	0
0	0	44.405	118.82	0
0	0	44.405	118.47	0
0	0	44.088	117.48	0
0	0	44.088	117.13	0
0	0	44.088	116.14	0
0	0	44.088	114.49	0
0	0	43.735	114.49	0
0	0	43.735	113.82	0
0	0	43.735	113.5	0
0	0	43.735	113.15	0
0	0	43.735	112.83	0
0	0	43.735	112.48	0
0	0	43.735	112.16	0
0	0	43.735	111.84	0
0	0	44.088	111.84	0
0	0	44.405	111.49	0
0	0	44.722	111.49	0
0	0	45.075	111.49	0
0	0	45.392	111.49	0
0	0	46.063	111.49	0
0	0	46.415	111.49	0
0	0	46.415	111.17	0
0	0	46.733	111.17	0
0	0	47.403	111.17	0
0	0	47.72	111.17	0
0	0	48.073	111.17	0
0	0	49.378	111.17	0
0	0	49.731	111.17	0
0	0	50.048	111.17	0
0	0	50.401	111.17	0
0	0	51.388	111.17	0
0	0	51.706	111.17	0
0	0	52.059	111.17	0
0	0	52.376	111.17	0
0	0	52.729	111.17	0
0	0	53.046	111.17	0
0	0	53.716	111.17	0
0	0	54.704	111.17	0
0	0	55.374	111.17	0
0	0	56.714	111.17	0
0	0	57.702	111.17	0
0	0	58.725	111.17	0
0	0	59.042	111.17	0
0	0	59.712	111.17	0
0	0	60.7	111.17	0
0	0	61.37	111.17	0
0	0	62.04	111.17	0
0	0	62.71	111.17	0
0	0	63.698	111.17	0
0	0	64.05	111.17	0
0	0	64.368	111.17	0
0	0	64.685	111.17	0
0	0	65.038	111.17	0
0	0	65.708	111.49	0
0	0	67.366	111.49	0
0	0	68.353	111.49	0
0	0	68.706	111.49	0
0	0	69.023	111.49	0
0	0	69.341	111.49	0
0	0	69.694	111.49	0
0	0	70.364	111.84	0
0	0	70.681	111.84	0
0	0	71.351	111.84	0
0	0	72.021	111.84	0
0	0	73.009	111.84	0
0	0	73.362	111.84	0
0	0	73.679	112.16	0
0	0	74.349	112.16	0
0	0	74.667	112.16	0
0	0	75.019	112.16	0
0	0	75.337	112.16	0
0	0	75.689	112.16	0
0	0	76.007	112.16	0
0	0	76.36	112.16	0
0	0	76.677	112.16	0
0	0	76.994	112.16	0
0	0	77.347	112.16	0
0	0	78.017	112.16	0
0	0	78.335	112.16	0
0	0	79.005	112.16	0
0	0	79.992	112.48	0
0	0	80.662	112.48	0
0	0	81.015	112.48	0
0	0	82.32	112.48	0
0	0	83.343	112.48	0
0	0	83.66	112.48	0
0	0	85.001	112.48	0
0	0	85.988	112.48	0
0	0	86.341	112.48	0
0	0	86.658	112.48	0
0	0	87.329	112.48	0
0	0	87.999	112.48	0
0	0	88.316	112.48	0
0	0	88.669	112.48	0
0	0	89.339	112.48	0
0	0	89.974	112.48	0
0	0	90.326	112.48	0
0	0	90.997	112.48	0
0	0	91.314	112.48	0
0	0	91.984	112.48	0
0	0	92.302	112.48	0
0	0	92.654	112.48	0
0	0	93.324	112.48	0
0	0	93.995	112.48	0
0	0	94.312	112.48	0
0	0	94.629	112.48	0
0	0	94.982	112.48	0
0	0	95.652	112.48	0
0	0	95.97	112.48	0
0	0	96.64	112.48	0
0	0	97.627	112.48	0
0	0	97.627	112.16	0
0	0	97.98	112.16	0
0	0	98.297	112.16	0
0	0	98.65	112.16	0
0	0	98.968	112.16	0
0	0	98.968	111.84	0
0	0	99.32	111.84	0
0	0	99.638	111.84	0
0	0	99.955	111.84	0
0	0	100.63	111.84	0
0	0	100.98	111.84	0
0	0	101.3	111.84	0
0	0	101.65	112.16	0
0	0	101.97	112.83	0
0	0	101.97	113.15	0
0	0	101.97	113.5	0
0	0	101.97	113.82	0
0	0	101.97	114.17	0
0	0	101.97	114.49	0
0	0	101.97	115.16	0
0	0	101.97	115.47	0
0	0	101.97	116.14	0
0	0	101.65	116.5	0
0	0	101.65	116.81	0
0	0	101.3	117.13	0
0	0	100.98	117.48	0
0	0	100.98	117.8	0
0	0	100.63	118.47	0
0	0	100.31	119.81	0
0	0	99.638	120.13	0
0	0	99.638	122.14	0
0	0	100.98	131.45	0
0	0	100.98	132.44	0
0	0	101.3	133.46	0
0	0	101.3	135.12	0
0	0	101.3	135.44	0
0	0	101.3	135.79	0
0	0	101.3	136.11	0
0	0	101.3	136.46	0
0	0	101.3	136.78	0
0	0	101.3	137.13	0
0	0	100.98	137.13	0
0	0	100.98	137.45	0
0	0	100.98	137.76	0
0	0	100.98	138.12	0
0	0	100.98	138.43	0
0	0	100.98	139.46	0
0	0	100.98	139.78	0
0	0	100.98	140.09	0
0	0	100.98	140.45	0
0	0	101.3	140.76	0
0	0	101.65	141.12	0
0	0	101.97	141.43	0
0	0	102.28	141.79	0
0	0	102.64	142.1	0
0	0	102.95	142.42	0
0	0	102.95	142.77	0
0	0	103.31	142.77	0
0	0	103.62	143.09	0
0	0	104.29	143.76	0
0	0	104.61	144.11	0
0	0	104.96	144.43	0
0	0	105.28	144.43	0
0	0	105.63	144.43	0
0	0	105.95	144.78	0
0	0	105.95	145.1	0
0	0	106.3	145.1	0
0	0	106.62	145.1	0
0	0	106.97	145.1	0
0	0	107.29	145.1	0
0	0	107.61	145.1	0
0	0	107.96	144.78	0
0	0	108.28	144.78	0
0	0	108.95	144.78	0
0	0	109.3	144.78	0
0	0	110.29	144.78	0
0	0	110.61	144.78	0
0	0	110.96	144.78	0
0	0	111.63	144.78	0
0	0	111.95	144.78	0
0	0	112.26	144.78	0
0	0	112.62	144.78	0
0	0	112.62	144.43	0
0	0	112.62	144.11	0
0	0	112.62	143.76	0
0	0	112.62	143.44	0
0	0	112.62	142.42	0
0	0	112.93	141.79	0
0	0	112.93	141.43	0
0	0	112.93	141.12	0
0	0	112.93	140.76	0
0	0	112.93	140.45	0
0	0	113.29	139.46	0
0	0	113.29	138.79	0
0	0	113.6	138.43	0
0	0	113.6	138.12	0
0	0	113.96	136.78	0
0	0	113.96	135.79	0
0	0	114.27	135.12	0
0	0	114.27	134.45	0
0	0	114.63	133.78	0
0	0	114.63	133.11	0
0	0	114.63	132.79	0
0	0	114.94	132.12	0
0	0	115.26	131.13	0
0	0	115.26	130.78	0
0	0	115.26	130.11	0
0	0	115.93	129.12	0
0	0	115.93	128.81	0
0	0	116.29	128.81	0
0	0	116.29	128.45	0
0	0	116.29	128.14	0
0	0	116.6	128.14	0
0	0	116.6	127.78	0
0	0	116.96	127.47	0
0	0	117.27	127.15	0
0	0	117.27	126.8	0
0	0	117.59	126.8	0
0	0	117.94	126.48	0
0	0	117.94	126.13	0
0	0	118.61	126.13	0
0	0	118.61	125.81	0
0	0	118.93	125.81	0
0	0	119.28	125.46	0
0	0	120.27	125.14	0
0	0	121.26	125.14	0
0	0	121.61	125.14	0
0	0	122.25	125.14	0
0	0	122.6	125.14	0
0	0	122.92	125.14	0
0	0	123.27	125.14	0
0	0	123.59	125.14	0
0	0	123.94	125.14	0
0	0	124.61	125.46	0
0	0	124.93	125.46	0
0	0	125.24	126.13	0
0	0	125.91	126.8	0
0	0	126.58	127.78	0
0	0	126.94	128.14	0
0	0	127.25	129.12	0
0	0	127.92	129.48	0
0	0	128.24	129.48	0
0	0	128.91	129.48	0
0	0	129.26	129.48	0
0	0	130.25	129.48	0
0	0	130.57	129.48	0
0	0	131.24	129.48	0
0	0	131.91	129.48	0
0	0	132.26	129.48	0
0	0	132.58	129.48	0
0	0	132.9	129.48	0
0	0	133.25	129.48	0
0	0	133.57	129.12	0
0	0	133.92	129.12	0
0	0	133.92	128.81	0
0	0	134.24	128.81	0
0	0	134.59	128.45	0
0	0	134.59	128.14	0
0	0	134.59	127.78	0
0	0	134.91	127.78	0
0	0	134.91	127.47	0
0	0	134.91	127.15	0
0	0	134.91	126.8	0
0	0	135.23	125.81	0
0	0	135.23	125.46	0
0	0	135.23	125.14	0
0	0	135.23	124.79	0
0	0	135.23	124.15	0
0	0	135.58	123.8	0
0	0	135.58	123.48	0
0	0	135.58	123.13	0
0	0	135.58	122.14	0
0	0	135.58	121.82	0
0	0	135.58	121.47	0
0	0	135.58	121.15	0
0	0	135.58	120.8	0
0	0	135.58	120.48	0
0	0	135.58	120.13	0
0	0	135.58	119.49	0
0	0	135.58	119.14	0
0	0	135.58	118.47	0
0	0	135.58	118.15	0
0	0	135.58	117.8	0
0	0	135.58	117.48	0
0	0	135.58	117.13	0
0	0	135.9	116.5	0
0	0	135.9	115.83	0
0	0	135.9	115.47	0
0	0	135.9	115.16	0
0	0	136.25	114.8	0
0	0	136.25	114.49	0
0	0	136.57	113.82	0
0	0	136.57	113.5	0
0	0	136.57	112.48	0
0	0	136.57	111.84	0
0	0	136.57	111.49	0
0	0	136.57	111.17	0
0	0	136.57	110.82	0
0	0	136.57	110.5	0
0	0	136.57	110.15	0
0	0	136.57	109.83	0
0	0	136.57	109.16	0
0	0	136.57	108.49	0
0	0	136.57	108.17	0
0	0	136.92	107.82	0
0	0	136.92	107.5	0
0	0	137.24	106.83	0
0	0	137.55	106.16	0
0	0	137.91	105.85	0
0	0	137.91	105.49	0
0	0	138.22	105.49	0
0	0	138.58	105.49	0
0	0	138.89	105.49	0
0	0	139.25	105.49	0
0	0	139.56	105.49	0
0	0	139.88	105.49	0
0	0	140.23	105.49	0
0	0	140.9	105.18	0
0	0	141.57	105.18	0
0	0	141.89	104.82	0
0	0	142.56	104.51	0
0	0	143.23	104.51	0
0	0	143.55	104.51	0
0	0	143.9	104.19	0
0	0	144.22	104.19	0
0	0	144.57	104.19	0
0	0	144.89	104.19	0
0	0	145.21	104.19	0
0	0	145.56	104.19	0
0	0	145.88	104.51	0
0	0	146.23	104.51	0
0	0	146.23	105.18	0
0	0	146.55	105.49	0
0	0	147.89	106.83	0
0	0	148.2	107.15	0
0	0	148.87	107.82	0
0	0	149.23	107.82	0
0	0	149.54	108.49	0
0	0	149.9	108.84	0
0	0	149.9	109.16	0
0	0	150.21	109.51	0
0	0	152.23	111.49	0
0	0	156.21	114.17	0
0	0	158.19	115.83	0
0	0	160.2	117.8	0
0	0	160.51	118.15	0
0	0	160.51	118.47	0
0	0	160.51	118.82	0
0	0	160.51	119.14	0
0	0	160.51	119.81	0
0	0	160.51	120.13	0
0	0	160.51	120.8	0
0	0	160.2	121.15	0
0	0	160.2	121.47	0
0	0	160.2	121.82	0
0	0	160.2	122.14	0
0	0	160.2	122.46	0
0	0	159.88	122.46	0
0	0	159.88	123.13	0
0	0	159.53	123.13	0
0	0	159.53	123.48	0
0	0	159.21	123.48	0
0	0	159.21	123.8	0
0	0	158.86	124.15	0
0	0	158.86	124.47	0
0	0	158.86	124.79	0
0	0	158.86	125.14	0
0	0	158.86	125.46	0
0	0	158.86	125.81	0
0	0	158.86	126.13	0
0	0	158.86	126.48	0
0	0	158.86	126.8	0
0	0	158.86	127.15	0
0	0	158.86	127.78	0
0	0	158.54	128.14	0
0	0	158.19	128.45	0
0	0	158.19	129.12	0
0	0	157.87	129.48	0
0	0	157.52	129.79	0
0	0	157.2	130.11	0
0	0	157.2	130.46	0
0	0	156.88	130.78	0
0	0	156.88	131.13	0
0	0	156.88	131.8	0
0	0	156.53	132.12	0
0	0	156.53	132.44	0
0	0	156.53	132.79	0
0	0	156.21	133.11	0
0	0	156.21	133.46	0
0	0	155.86	133.46	0
0	0	155.54	133.46	0
0	0	155.54	133.78	0
0	0	155.19	134.13	0
0	0	154.87	134.45	0
0	0	154.55	134.45	0
0	0	154.2	134.77	0
0	0	153.88	134.77	0
0	0	153.53	134.77	0
0	0	152.86	135.12	0
0	0	152.54	135.12	0
0	0	151.87	135.79	0
0	0	151.2	136.11	0
0	0	150.89	136.46	0
0	0	150.89	136.78	0
0	0	150.53	137.13	0
0	0	150.21	137.13	0
0	0	150.21	137.45	0
0	0	150.21	137.76	0
0	0	149.9	138.12	0
0	0	149.9	138.43	0
0	0	149.54	138.79	0
0	0	149.54	139.1	0
0	0	149.54	139.46	0
0	0	149.9	139.46	0
0	0	150.21	139.46	0
0	0	150.53	139.46	0
0	0	150.89	139.78	0
0	0	151.2	140.09	0
0	0	151.87	140.09	0
0	0	152.23	140.76	0
0	0	152.54	140.76	0
0	0	152.54	141.12	0
0	0	152.54	141.43	0
0	0	152.54	141.79	0
0	0	152.86	141.79	0
0	0	153.21	142.1	0
0	0	153.21	142.42	0
0	0	153.53	142.42	0
0	0	153.53	142.77	0
0	0	153.88	142.77	0
0	0	154.2	142.77	0
0	0	154.2	143.09	0
0	0	154.87	143.44	0
0	0	155.54	144.11	0
0	0	155.86	144.78	0
0	0	157.87	147.43	0
0	0	157.87	147.75	0
0	0	158.19	148.1	0
0	0	158.19	148.42	0
0	0	158.19	148.77	0
0	0	158.19	149.09	0
0	0	158.19	149.44	0
0	0	158.54	150.43	0
0	0	158.54	151.41	0
0	0	158.86	151.77	0
0	0	158.86	152.08	0
0	0	158.86	152.4	0
0	0	158.86	152.75	0
0	0	158.86	153.07	0
0	0	158.86	153.42	0
0	0	158.54	153.74	0
0	0	158.54	154.09	0
0	0	158.54	154.41	0
0	0	158.54	154.76	0
0	0	158.19	154.76	0
0	0	158.19	155.4	0
0	0	157.87	155.4	0
0	0	157.87	155.75	0
0	0	157.87	156.07	0
0	0	157.87	156.74	0
0	0	157.2	157.73	0
0	0	157.2	158.08	0
0	0	156.53	158.75	0
0	0	156.53	159.07	0
0	0	156.21	159.07	0
0	0	156.21	159.42	0
0	0	155.86	159.42	0
0	0	155.86	159.74	0
0	0	155.86	160.06	0
0	0	155.54	160.06	0
0	0	155.19	160.41	0
0	0	154.87	160.73	0
0	0	154.87	161.08	0
0	0	154.55	161.08	0
0	0	154.2	161.08	0
0	0	154.2	161.4	0
0	0	153.88	161.4	0
0	0	153.53	161.75	0
0	0	153.21	161.75	0
0	0	152.86	162.07	0
0	0	152.54	162.07	0
0	0	152.23	162.42	0
0	0	151.87	162.42	0
0	0	151.56	162.42	0
0	0	151.2	162.42	0
0	0	150.89	162.42	0
0	0	150.53	162.42	0
0	0	150.21	162.42	0
0	0	149.9	162.42	0
0	0	149.54	162.42	0
0	0	148.87	162.42	0
0	0	148.56	162.42	0
0	0	147.89	162.42	0
0	0	147.22	162.74	0
0	0	146.9	162.74	0
0	0	146.23	162.74	0
0	0	145.88	162.74	0
0	0	145.56	163.05	0
0	0	144.89	163.05	0
0	0	143.9	163.05	0
0	0	142.24	163.41	0
0	0	141.57	163.41	0
0	0	141.22	163.41	0
0	0	140.55	163.41	0
0	0	139.88	163.05	0
0	0	139.56	163.05	0
0	0	138.89	162.74	0
0	0	138.58	162.74	0
0	0	137.55	162.74	0
0	0	136.92	162.74	0
0	0	136.57	162.74	0
0	0	135.23	162.74	0
0	0	134.91	162.74	0
0	0	134.59	162.74	0
0	0	134.24	162.74	0
0	0	133.92	162.74	0
0	0	133.25	162.74	0
0	0	132.9	162.74	0
0	0	132.9	162.42	0
0	0	132.58	162.42	0
0	0	132.26	162.42	0
0	0	131.91	162.42	0
0	0	131.24	162.42	0
0	0	130.57	162.42	0
0	0	129.9	162.42	0
0	0	129.58	162.42	0
0	0	129.26	162.42	0
0	0	128.59	162.42	0
0	0	128.24	162.42	0
0	0	127.57	162.42	0
0	0	126.58	162.42	0
0	0	126.27	162.42	0
0	0	125.6	162.42	0
0	0	125.24	162.42	0
0	0	124.93	162.42	0
0	0	124.26	162.42	0
0	0	123.94	162.42	0
0	0	123.59	162.42	0
0	0	123.27	162.42	0
0	0	122.92	162.42	0
0	0	122.6	162.07	0
0	0	121.93	161.75	0
0	0	121.61	161.75	0
0	0	119.92	161.75	0
0	0	119.28	161.75	0
0	0	118.26	161.75	0
0	0	117.59	162.07	0
0	0	116.96	162.07	0
0	0	116.29	162.07	0
0	0	115.26	162.07	0
0	0	114.63	162.42	0
0	0	113.96	162.42	0
0	0	113.29	162.74	0
0	0	112.62	162.74	0
0	0	111.95	162.74	0
0	0	111.28	163.05	0
0	0	110.96	163.05	0
0	0	110.29	163.41	0
0	0	109.62	163.41	0
0	0	109.3	163.41	0
0	0	108.95	163.41	0
0	0	107.96	163.41	0
0	0	107.29	163.41	0
0	0	106.97	163.41	0
0	0	106.62	163.41	0
0	0	105.95	163.41	0
0	0	105.28	163.05	0
0	0	104.61	163.05	0
0	0	104.29	163.05	0
0	0	103.98	163.05	0
0	0	102.64	163.41	0
0	0	101.65	163.41	0
0	0	100.63	163.41	0
0	0	100.31	163.41	0
0	0	99.32	163.41	0
0	0	98.297	163.72	0
0	0	97.98	163.72	0
0	0	97.627	163.72	0
0	0	97.31	163.72	0
0	0	96.64	163.72	0
0	0	95.3	163.72	0
0	0	94.312	163.72	0
0	0	93.995	163.72	0
0	0	93.324	163.72	0
0	0	92.972	163.72	0
0	0	92.654	163.72	0
0	0	92.302	163.72	0
0	0	91.984	163.72	0
0	0	91.314	163.72	0
0	0	90.644	163.72	0
0	0	90.326	163.72	0
0	0	89.974	163.72	0
0	0	89.339	163.72	0
0	0	88.986	163.72	0
0	0	88.669	163.72	0
0	0	88.316	163.72	0
0	0	87.999	163.72	0
0	0	87.646	163.72	0
0	0	86.658	163.72	0
0	0	85.988	163.72	0
0	0	84.013	163.72	0
0	0	82.32	163.41	0
0	0	80.662	163.41	0
0	0	80.345	163.05	0
0	0	79.358	163.05	0
0	0	79.005	163.05	0
0	0	78.335	163.05	0
0	0	76.677	163.05	0
0	0	75.689	163.05	0
0	0	75.019	163.05	0
0	0	74.667	163.05	0
0	0	74.349	163.05	0
0	0	74.032	163.05	0
0	0	73.679	163.05	0
0	0	73.009	163.05	0
0	0	72.691	163.05	0
0	0	72.021	163.05	0
0	0	71.351	163.05	0
0	0	71.034	163.05	0
0	0	70.364	163.05	0
0	0	70.011	163.05	0
0	0	69.694	163.05	0
0	0	69.023	163.05	0
0	0	68.353	163.05	0
0	0	67.683	163.05	0
0	0	67.366	163.05	0
0	0	67.013	163.05	0
0	0	66.378	163.05	0
0	0	65.708	163.05	0
0	0	65.355	163.05	0
0	0	65.038	163.05	0
0	0	64.685	163.05	0
0	0	63.698	163.05	0
0	0	63.027	163.05	0
0	0	61.723	163.05	0
0	0	60.382	163.05	0
0	0	60.03	163.05	0
0	0	59.359	163.05	0
0	0	59.042	163.41	0
0	0	58.372	163.41	0
0	0	58.054	163.41	0
0	0	57.702	163.41	0
0	0	57.384	163.41	0
0	0	57.032	163.41	0
0	0	56.044	163.41	0
0	0	55.056	163.41	0
0	0	54.704	163.41	0
0	0	54.386	163.41	0
0	0	54.069	163.41	0
0	0	53.716	163.41	0
0	0	53.046	163.41	0
0	0	52.729	163.41	0
0	0	52.376	163.41	0
0	0	52.059	163.41	0
0	0	51.706	163.41	0
0	0	51.388	163.41	0
0	0	50.718	163.41	0
0	0	50.048	163.41	0
0	0	49.378	163.41	0
0	0	49.061	163.41	0
0	0	48.743	163.41	0
0	0	48.39	163.41	0
0	0	47.72	163.41	0
0	0	47.05	163.41	0
0	0	46.733	163.41	0
0	0	46.415	163.41	0
0	0	45.745	163.41	0
0	0	45.392	163.41	0
0	0	45.075	163.41	0
0	0	44.722	163.41	0
0	0	44.405	163.41	0
0	0	43.735	163.41	0
0	0	43.417	163.41	0
0	0	42.747	163.41	0
0	0	42.077	163.41	0
0	0	41.09	163.41	0
0	0	40.067	163.41	0
0	0	39.397	163.41	0
0	0	38.409	163.41	0
0	0	37.069	163.41	0
0	0	36.434	163.41	0
0	0	36.081	163.41	0
0	0	35.094	163.41	0
0	0	34.424	163.41	0
0	0	34.071	163.41	0
0	0	33.753	163.41	0
0	0	33.436	163.41	0
0	0	33.083	163.41	0
0	0	32.766	163.41	0
0	0	32.413	163.41	0
0	0	32.096	163.41	0
0	0	31.743	163.41	0
0	0	31.426	163.41	0
0	0	31.108	163.41	0
0	0	30.755	163.41	0
0	0	30.438	163.41	0
0	0	30.085	163.41	0
0	0	29.768	163.41	0
0	0	29.415	163.41	0
0	0	29.098	163.41	0
0	0	28.78	163.41	0
0	0	28.428	163.41	0
0	0	28.11	163.41	0
