0	0	59.359	30.297	0
0	0	59.042	30.297	0
0	0	58.725	30.297	0
0	0	58.372	30.297	0
0	0	58.054	30.297	0
0	0	57.702	30.297	0
0	0	57.384	30.297	0
0	0	57.032	30.297	0
0	0	56.714	30.297	0
0	0	56.397	30.297	0
0	0	56.044	30.297	0
0	0	55.727	30.297	0
0	0	55.374	30.297	0
0	0	55.056	30.297	0
0	0	54.704	30.297	0
0	0	54.386	30.297	0
0	0	54.069	30.297	0
0	0	53.716	30.297	0
0	0	53.399	30.297	0
0	0	53.046	30.297	0
0	0	52.729	30.297	0
0	0	52.376	30.297	0
0	0	52.059	30.297	0
0	0	51.706	30.297	0
0	0	51.388	30.297	0
0	0	51.071	30.297	0
0	0	50.718	30.297	0
0	0	50.401	30.297	0
0	0	50.048	30.297	0
0	0	49.731	30.297	0
0	0	49.378	30.297	0
0	0	49.061	30.297	0
0	0	48.743	30.297	0
0	0	48.39	30.297	0
0	0	47.72	30.297	0
0	0	47.403	30.297	0
0	0	47.05	30.297	0
0	0	46.733	30.297	0
0	0	46.415	30.297	0
0	0	46.415	30.65	0
0	0	46.063	30.65	0
0	0	45.745	30.65	0
0	0	45.392	30.65	0
0	0	45.075	30.65	0
0	0	44.722	30.65	0
0	0	44.088	30.65	0
0	0	43.735	30.65	0
0	0	43.417	30.967	0
0	0	43.065	30.967	0
0	0	42.747	30.967	0
0	0	42.395	30.967	0
0	0	42.077	30.967	0
0	0	42.077	31.32	0
0	0	41.724	31.32	0
0	0	41.724	31.637	0
0	0	41.407	31.637	0
0	0	41.09	31.637	0
0	0	40.737	31.955	0
0	0	40.419	31.955	0
0	0	40.067	32.307	0
0	0	39.749	32.307	0
0	0	39.397	32.307	0
0	0	39.079	32.307	0
0	0	38.762	32.307	0
0	0	38.409	32.625	0
0	0	38.092	32.625	0
0	0	37.739	32.625	0
0	0	37.739	32.977	0
0	0	37.069	32.977	0
0	0	36.751	32.977	0
0	0	36.434	32.977	0
0	0	36.081	33.295	0
0	0	35.764	33.295	0
0	0	35.411	33.295	0
0	0	35.411	33.648	0
0	0	35.094	33.648	0
0	0	34.741	33.648	0
0	0	34.424	33.648	0
0	0	34.071	33.965	0
0	0	33.753	33.965	0
0	0	33.436	33.965	0
0	0	33.083	34.282	0
0	0	32.766	34.282	0
0	0	32.413	34.282	0
0	0	32.096	34.282	0
0	0	31.743	34.282	0
0	0	31.743	34.635	0
0	0	31.426	34.635	0
0	0	31.426	34.953	0
0	0	31.108	34.953	0
0	0	31.108	35.305	0
0	0	30.755	35.305	0
0	0	30.438	35.305	0
0	0	30.085	35.305	0
0	0	29.768	35.623	0
0	0	29.415	35.975	0
0	0	29.098	35.975	0
0	0	28.78	36.293	0
0	0	28.428	36.293	0
0	0	28.428	36.61	0
0	0	28.11	36.61	0
0	0	27.757	36.61	0
0	0	27.44	36.963	0
0	0	27.087	36.963	0
0	0	27.087	37.28	0
0	0	26.77	37.28	0
0	0	26.453	37.28	0
0	0	26.453	37.633	0
0	0	26.1	37.633	0
0	0	25.782	37.633	0
0	0	25.782	37.951	0
0	0	25.43	37.951	0
0	0	25.112	37.951	0
0	0	24.76	38.303	0
0	0	24.442	38.621	0
0	0	24.089	38.973	0
0	0	24.089	39.291	0
0	0	23.772	39.291	0
0	0	23.772	39.608	0
0	0	23.772	39.961	0
0	0	23.455	39.961	0
0	0	23.455	40.278	0
0	0	23.102	40.278	0
0	0	23.102	40.631	0
0	0	23.102	40.948	0
0	0	22.784	41.301	0
0	0	22.784	41.619	0
0	0	22.432	41.619	0
0	0	22.114	41.936	0
0	0	22.114	42.289	0
0	0	22.114	42.606	0
0	0	21.762	42.606	0
0	0	21.762	42.959	0
0	0	21.444	42.959	0
0	0	21.127	42.959	0
0	0	20.774	42.959	0
0	0	20.457	42.959	0
0	0	20.457	43.276	0
0	0	20.457	43.629	0
0	0	20.104	43.629	0
0	0	20.104	43.946	0
0	0	19.434	43.946	0
0	0	19.116	44.264	0
0	0	19.116	44.617	0
0	0	18.799	44.934	0
0	0	18.799	45.287	0
0	0	18.446	45.287	0
0	0	18.129	45.604	0
0	0	18.129	45.957	0
0	0	17.776	45.957	0
0	0	17.776	46.274	0
0	0	17.776	46.592	0
0	0	17.459	46.944	0
0	0	17.106	47.262	0
0	0	16.789	47.262	0
0	0	16.789	47.615	0
0	0	16.436	47.615	0
0	0	16.118	47.932	0
0	0	16.118	48.285	0
0	0	15.801	48.285	0
0	0	15.448	48.602	0
0	0	15.448	48.955	0
0	0	15.131	49.272	0
0	0	15.131	49.59	0
0	0	14.778	49.59	0
0	0	14.778	49.942	0
0	0	14.778	49.59	0
0	0	14.778	49.942	0
0	0	14.778	50.26	0
0	0	14.778	50.612	0
0	0	14.778	50.93	0
0	0	14.778	51.283	0
0	0	14.461	51.283	0
0	0	14.461	51.6	0
0	0	14.461	51.917	0
0	0	14.108	51.917	0
0	0	13.791	51.917	0
0	0	13.791	52.27	0
0	0	13.791	52.588	0
0	0	13.473	52.588	0
0	0	13.473	52.94	0
0	0	13.12	52.94	0
0	0	13.12	53.258	0
0	0	13.12	53.61	0
0	0	12.803	53.61	0
0	0	12.803	53.928	0
0	0	12.45	53.928	0
0	0	12.45	54.245	0
0	0	12.45	54.598	0
0	0	12.45	54.915	0
0	0	12.45	55.268	0
0	0	12.45	55.586	0
0	0	12.133	55.938	0
0	0	12.133	56.256	0
0	0	12.133	56.608	0
0	0	11.78	56.926	0
0	0	11.78	57.243	0
0	0	11.78	57.596	0
0	0	11.78	57.913	0
0	0	11.463	58.266	0
0	0	11.463	58.583	0
0	0	11.145	58.583	0
0	0	11.145	58.936	0
0	0	11.145	59.254	0
0	0	11.145	59.571	0
0	0	10.793	59.924	0
0	0	10.793	60.241	0
0	0	10.793	60.594	0
0	0	10.793	60.911	0
0	0	10.793	61.264	0
0	0	10.793	61.581	0
0	0	10.793	61.899	0
0	0	10.793	62.922	0
0	0	10.793	63.239	0
0	0	10.793	63.592	0
0	0	10.793	63.909	0
0	0	10.793	64.227	0
0	0	10.793	64.579	0
0	0	10.793	64.897	0
0	0	10.793	65.25	0
0	0	10.793	65.567	0
0	0	10.793	65.92	0
0	0	10.793	66.237	0
0	0	10.793	66.59	0
0	0	10.793	66.907	0
0	0	10.793	67.225	0
0	0	10.793	67.577	0
0	0	10.793	67.895	0
0	0	10.793	68.247	0
0	0	10.793	68.565	0
0	0	10.793	68.918	0
0	0	10.793	69.235	0
0	0	10.793	69.552	0
0	0	11.145	69.552	0
0	0	11.145	69.905	0
0	0	11.463	69.905	0
0	0	11.78	70.223	0
0	0	11.78	70.575	0
0	0	11.78	70.893	0
0	0	12.133	70.893	0
0	0	12.133	71.245	0
0	0	12.45	71.245	0
0	0	12.45	71.563	0
0	0	12.803	71.88	0
0	0	12.803	72.233	0
0	0	13.12	72.233	0
0	0	13.473	72.233	0
0	0	13.473	72.55	0
0	0	13.473	72.903	0
0	0	13.791	72.903	0
0	0	13.791	73.221	0
0	0	14.108	73.221	0
0	0	14.108	73.573	0
0	0	14.461	73.573	0
0	0	14.461	73.891	0
0	0	14.778	73.891	0
0	0	14.778	74.243	0
0	0	15.131	74.243	0
0	0	15.448	74.561	0
0	0	15.448	74.878	0
0	0	15.801	74.878	0
0	0	15.801	75.231	0
0	0	16.118	75.231	0
0	0	16.436	75.231	0
0	0	16.789	75.231	0
0	0	17.459	75.231	0
0	0	17.776	75.548	0
0	0	18.129	75.548	0
0	0	18.446	75.548	0
0	0	18.799	75.548	0
0	0	19.116	75.901	0
0	0	19.116	76.218	0
0	0	19.434	76.218	0
0	0	19.786	76.218	0
0	0	19.786	76.571	0
0	0	20.104	76.571	0
0	0	20.457	76.571	0
0	0	20.457	76.889	0
0	0	20.774	76.889	0
0	0	21.127	76.889	0
0	0	21.444	76.889	0
0	0	21.762	76.889	0
0	0	22.114	76.889	0
0	0	22.432	76.889	0
0	0	22.784	76.889	0
0	0	23.102	76.889	0
0	0	23.455	76.889	0
0	0	23.772	76.889	0
0	0	24.089	76.889	0
0	0	24.442	76.889	0
0	0	24.442	77.206	0
0	0	24.76	77.206	0
0	0	25.112	77.206	0
0	0	25.43	77.206	0
0	0	25.782	77.206	0
0	0	26.1	77.559	0
0	0	26.453	77.559	0
0	0	26.77	77.559	0
0	0	27.087	77.559	0
0	0	27.44	77.559	0
0	0	27.757	77.559	0
0	0	28.11	77.559	0
0	0	28.11	77.876	0
0	0	28.428	77.876	0
0	0	28.78	77.876	0
0	0	29.098	77.876	0
0	0	29.415	77.876	0
0	0	29.768	77.876	0
0	0	30.085	77.876	0
0	0	30.438	77.876	0
0	0	30.755	77.876	0
0	0	31.108	77.876	0
0	0	31.426	77.876	0
0	0	31.743	77.876	0
0	0	31.743	78.229	0
0	0	32.096	78.229	0
0	0	32.413	78.229	0
0	0	32.766	78.229	0
0	0	33.083	78.229	0
0	0	33.436	78.229	0
0	0	33.753	77.876	0
0	0	34.071	77.559	0
0	0	34.071	77.206	0
0	0	34.071	76.889	0
0	0	34.071	76.571	0
0	0	34.071	76.218	0
0	0	34.424	75.901	0
0	0	34.424	75.548	0
0	0	34.741	75.231	0
0	0	34.741	74.878	0
0	0	35.094	74.878	0
0	0	35.094	74.561	0
0	0	35.094	74.243	0
0	0	35.094	73.891	0
0	0	35.094	73.221	0
0	0	35.094	72.903	0
0	0	35.094	72.55	0
0	0	35.094	71.88	0
0	0	35.094	71.245	0
0	0	35.094	70.575	0
0	0	35.094	70.223	0
0	0	35.094	69.905	0
0	0	35.094	69.552	0
0	0	35.094	69.235	0
0	0	35.094	68.918	0
0	0	35.094	68.565	0
0	0	35.094	68.247	0
0	0	35.094	67.895	0
0	0	35.094	67.577	0
0	0	35.094	67.225	0
0	0	35.094	66.907	0
0	0	35.094	66.59	0
0	0	35.094	66.237	0
0	0	35.094	65.92	0
0	0	34.741	65.92	0
0	0	34.741	65.567	0
0	0	34.741	65.25	0
0	0	34.424	64.897	0
0	0	34.424	64.579	0
0	0	34.071	64.579	0
0	0	34.071	64.227	0
0	0	34.071	63.592	0
0	0	34.071	62.922	0
0	0	34.071	62.569	0
0	0	34.071	62.252	0
0	0	34.071	61.581	0
0	0	34.071	61.264	0
0	0	33.753	61.264	0
0	0	33.436	60.594	0
0	0	33.436	60.241	0
0	0	33.083	60.241	0
0	0	33.083	59.924	0
0	0	33.083	59.571	0
0	0	32.766	59.571	0
0	0	32.766	59.254	0
0	0	32.413	59.254	0
0	0	32.413	58.936	0
0	0	32.413	58.583	0
0	0	32.413	58.266	0
0	0	32.096	58.266	0
0	0	32.096	57.913	0
0	0	32.096	57.596	0
0	0	32.096	57.243	0
0	0	32.096	56.926	0
0	0	32.096	56.608	0
0	0	32.096	56.256	0
0	0	32.096	55.938	0
0	0	32.096	55.586	0
0	0	32.096	55.268	0
0	0	32.096	54.915	0
0	0	32.413	55.268	0
0	0	32.413	55.586	0
0	0	32.766	55.586	0
0	0	33.083	55.586	0
0	0	33.436	55.586	0
0	0	33.753	55.586	0
0	0	34.071	55.586	0
0	0	34.424	55.586	0
0	0	34.741	55.586	0
0	0	35.094	55.586	0
0	0	35.411	55.586	0
0	0	35.764	55.586	0
0	0	35.764	55.938	0
0	0	36.081	55.938	0
0	0	36.081	56.256	0
0	0	36.434	56.256	0
0	0	36.434	56.608	0
0	0	36.751	56.926	0
0	0	37.069	56.926	0
0	0	37.421	56.926	0
0	0	37.739	56.926	0
0	0	38.409	56.926	0
0	0	38.762	56.926	0
0	0	39.079	56.926	0
0	0	39.397	56.926	0
0	0	39.749	56.926	0
0	0	40.067	56.926	0
0	0	40.067	57.243	0
0	0	40.419	57.243	0
0	0	40.419	57.596	0
0	0	40.419	57.913	0
0	0	40.737	57.913	0
0	0	40.737	58.266	0
0	0	41.09	58.266	0
0	0	41.407	58.266	0
0	0	41.407	58.583	0
0	0	41.724	58.583	0
0	0	42.077	58.583	0
0	0	42.395	58.936	0
0	0	42.747	58.936	0
0	0	43.065	59.254	0
0	0	43.735	59.571	0
0	0	44.088	59.571	0
0	0	44.088	59.924	0
0	0	44.722	60.241	0
0	0	45.075	60.594	0
0	0	45.392	60.594	0
0	0	45.745	60.911	0
0	0	46.063	60.911	0
0	0	46.415	60.911	0
0	0	46.733	61.264	0
0	0	46.733	61.581	0
0	0	47.05	61.899	0
0	0	47.403	61.899	0
0	0	47.403	62.252	0
0	0	47.72	62.252	0
0	0	48.073	62.252	0
0	0	48.073	62.569	0
0	0	48.073	62.922	0
0	0	48.39	63.239	0
0	0	48.743	63.239	0
0	0	48.743	63.592	0
0	0	49.061	63.592	0
0	0	49.061	63.909	0
0	0	49.378	63.909	0
0	0	49.731	64.227	0
0	0	50.048	64.227	0
0	0	50.048	64.579	0
0	0	50.401	64.897	0
0	0	50.401	65.25	0
0	0	50.718	65.25	0
0	0	50.718	65.567	0
0	0	50.718	66.237	0
0	0	51.071	66.59	0
0	0	51.388	67.225	0
0	0	51.388	67.577	0
0	0	51.388	67.895	0
0	0	51.388	68.247	0
0	0	51.706	68.247	0
0	0	51.706	68.565	0
0	0	51.706	68.918	0
0	0	51.706	69.552	0
0	0	52.059	69.552	0
0	0	52.059	70.223	0
0	0	52.376	70.223	0
0	0	52.729	70.223	0
0	0	52.729	70.575	0
0	0	53.046	70.893	0
0	0	53.399	70.893	0
0	0	53.716	71.245	0
0	0	54.386	71.563	0
0	0	54.704	71.88	0
0	0	55.056	71.88	0
0	0	55.374	72.233	0
0	0	55.727	72.233	0
0	0	55.727	72.55	0
0	0	56.044	72.55	0
0	0	56.397	72.903	0
0	0	56.714	73.221	0
0	0	57.032	73.573	0
0	0	57.032	73.891	0
0	0	57.384	73.891	0
0	0	57.702	73.891	0
0	0	58.054	74.243	0
0	0	58.372	74.243	0
0	0	58.725	74.243	0
0	0	59.042	74.243	0
0	0	59.359	74.243	0
0	0	59.712	74.243	0
0	0	60.03	74.243	0
0	0	60.03	74.561	0
0	0	60.382	74.561	0
0	0	60.7	74.561	0
0	0	61.052	74.561	0
0	0	61.37	74.561	0
0	0	61.723	74.878	0
0	0	62.04	74.878	0
0	0	62.357	74.878	0
0	0	62.71	74.878	0
0	0	63.027	74.878	0
0	0	63.38	74.878	0
0	0	63.698	74.878	0
0	0	64.05	74.878	0
0	0	64.368	74.878	0
0	0	64.685	74.878	0
0	0	65.038	74.878	0
0	0	65.355	74.878	0
0	0	65.708	74.878	0
0	0	66.025	74.878	0
0	0	66.378	74.878	0
0	0	66.696	74.878	0
0	0	67.013	74.878	0
0	0	67.013	74.561	0
0	0	67.366	74.561	0
0	0	67.683	74.561	0
0	0	68.036	74.243	0
0	0	68.353	73.891	0
0	0	68.706	73.891	0
0	0	68.706	73.573	0
0	0	69.023	73.221	0
0	0	69.023	72.903	0
0	0	69.023	72.55	0
0	0	69.023	72.233	0
0	0	69.023	71.563	0
0	0	69.023	71.245	0
0	0	69.341	70.893	0
0	0	69.341	70.575	0
0	0	69.341	70.223	0
0	0	69.341	69.905	0
0	0	69.694	69.552	0
0	0	69.694	69.235	0
0	0	69.694	68.918	0
0	0	69.694	68.565	0
0	0	70.011	68.565	0
0	0	70.011	68.247	0
0	0	70.364	68.247	0
0	0	70.364	67.895	0
0	0	70.681	67.895	0
0	0	70.681	67.577	0
0	0	71.034	67.225	0
0	0	71.351	66.907	0
0	0	71.704	66.59	0
0	0	71.704	66.237	0
0	0	72.021	66.237	0
0	0	72.339	65.92	0
0	0	72.691	65.567	0
0	0	73.009	65.567	0
0	0	73.362	65.567	0
0	0	73.362	65.25	0
0	0	73.362	64.897	0
0	0	73.679	64.897	0
0	0	73.679	64.579	0
0	0	74.032	64.227	0
0	0	74.032	63.909	0
0	0	74.349	63.909	0
0	0	74.349	63.592	0
0	0	74.667	63.592	0
0	0	74.667	63.239	0
0	0	75.019	62.922	0
0	0	75.019	62.569	0
0	0	75.337	62.252	0
0	0	75.689	61.899	0
0	0	75.689	61.581	0
0	0	75.689	61.264	0
0	0	75.689	60.911	0
0	0	76.007	60.911	0
0	0	76.007	60.594	0
0	0	76.007	60.241	0
0	0	76.36	59.924	0
0	0	76.36	59.571	0
0	0	76.677	59.254	0
0	0	76.994	58.936	0
0	0	77.347	58.936	0
0	0	77.347	58.583	0
0	0	77.665	58.583	0
0	0	77.665	58.266	0
0	0	77.665	57.913	0
0	0	78.017	57.913	0
0	0	78.335	57.913	0
0	0	78.687	57.913	0
0	0	79.005	57.596	0
0	0	79.358	57.596	0
0	0	79.358	57.243	0
0	0	79.675	57.243	0
0	0	79.992	57.243	0
0	0	79.992	56.926	0
0	0	79.992	56.608	0
0	0	80.345	56.608	0
0	0	80.345	56.256	0
0	0	80.345	55.938	0
0	0	80.662	55.938	0
0	0	80.662	55.586	0
0	0	80.662	55.268	0
0	0	81.015	55.268	0
0	0	81.333	55.268	0
0	0	81.333	54.915	0
0	0	81.685	54.915	0
0	0	81.685	54.598	0
0	0	82.003	54.598	0
0	0	82.003	54.245	0
0	0	82.32	54.245	0
0	0	82.32	53.928	0
0	0	82.673	53.928	0
0	0	82.99	53.61	0
0	0	83.343	53.258	0
0	0	83.66	53.258	0
0	0	84.331	52.94	0
0	0	84.648	52.588	0
0	0	85.001	52.27	0
0	0	85.671	51.917	0
0	0	85.988	51.6	0
0	0	86.341	51.283	0
0	0	86.341	50.93	0
0	0	86.976	50.612	0
0	0	86.976	50.26	0
0	0	87.329	50.26	0
0	0	87.329	49.942	0
0	0	87.646	49.59	0
0	0	87.646	49.272	0
0	0	87.999	49.272	0
0	0	88.316	48.955	0
0	0	88.669	48.602	0
0	0	88.986	48.285	0
0	0	89.339	47.932	0
0	0	89.656	47.932	0
0	0	89.656	47.615	0
0	0	89.974	47.615	0
0	0	89.974	47.262	0
0	0	90.326	47.262	0
0	0	90.326	46.944	0
0	0	90.644	46.944	0
0	0	90.997	46.592	0
0	0	90.997	46.274	0
0	0	91.314	46.274	0
0	0	91.314	45.957	0
0	0	91.667	45.957	0
0	0	91.984	45.604	0
0	0	92.302	45.287	0
0	0	93.324	44.617	0
0	0	93.324	44.264	0
0	0	93.324	43.946	0
0	0	93.324	43.629	0
0	0	93.324	43.276	0
0	0	93.642	42.959	0
0	0	93.642	42.606	0
0	0	93.642	42.289	0
0	0	93.995	42.289	0
0	0	94.312	42.289	0
0	0	94.312	41.936	0
0	0	94.312	41.619	0
0	0	94.629	41.619	0
0	0	94.982	41.301	0
0	0	95.3	41.301	0
0	0	95.652	40.948	0
0	0	95.652	40.631	0
0	0	95.97	40.631	0
0	0	96.64	40.278	0
0	0	97.31	40.278	0
0	0	97.627	39.961	0
0	0	97.98	39.291	0
0	0	98.297	39.291	0
0	0	98.297	38.973	0
0	0	98.65	38.973	0
0	0	98.65	38.621	0
0	0	98.968	38.621	0
0	0	98.968	38.303	0
0	0	99.32	37.951	0
0	0	99.32	37.633	0
0	0	99.638	37.633	0
0	0	99.638	37.28	0
0	0	99.955	37.28	0
0	0	100.31	36.963	0
0	0	100.31	36.61	0
0	0	100.98	36.61	0
0	0	101.3	36.293	0
0	0	101.3	35.975	0
0	0	101.65	35.623	0
0	0	102.28	35.623	0
0	0	102.28	35.305	0
0	0	102.64	34.953	0
0	0	102.95	34.635	0
0	0	103.62	33.648	0
0	0	103.98	32.625	0
0	0	104.29	32.307	0
0	0	104.29	31.955	0
0	0	104.61	31.955	0
0	0	104.96	31.955	0
0	0	105.28	31.955	0
0	0	105.63	31.637	0
0	0	106.3	31.32	0
0	0	106.62	30.967	0
0	0	106.97	30.65	0
0	0	107.29	30.65	0
0	0	107.61	30.297	0
0	0	107.61	29.98	0
0	0	107.96	29.627	0
0	0	107.96	29.309	0
0	0	108.28	28.639	0
0	0	108.28	28.322	0
0	0	108.63	27.969	0
0	0	108.95	27.969	0
0	0	108.95	27.652	0
0	0	109.3	27.299	0
0	0	109.3	26.982	0
0	0	109.62	26.982	0
0	0	109.94	26.629	0
0	0	110.29	26.629	0
0	0	110.29	26.311	0
0	0	110.29	25.994	0
0	0	110.29	25.641	0
0	0	110.29	25.324	0
0	0	110.61	24.971	0
0	0	110.96	24.654	0
0	0	110.96	24.301	0
0	0	111.63	23.984	0
0	0	111.95	22.996	0
0	0	111.95	22.643	0
0	0	112.62	21.973	0
0	0	112.62	21.656	0
0	0	112.93	21.338	0
0	0	113.29	21.338	0
0	0	113.6	21.338	0
0	0	113.96	21.338	0
0	0	114.27	21.338	0
0	0	114.94	21.338	0
0	0	115.26	21.338	0
0	0	115.62	21.338	0
0	0	115.93	21.338	0
0	0	116.29	21.338	0
0	0	116.29	20.986	0
0	0	116.6	20.986	0
0	0	116.96	20.986	0
0	0	117.27	20.986	0
0	0	117.59	20.986	0
0	0	117.94	20.986	0
0	0	118.26	20.986	0
0	0	118.93	20.986	0
0	0	119.28	20.986	0
0	0	119.6	20.986	0
0	0	119.92	20.986	0
0	0	120.27	20.986	0
0	0	120.59	21.338	0
0	0	120.59	21.656	0
0	0	120.94	21.973	0
0	0	121.26	21.973	0
0	0	121.61	21.973	0
0	0	121.93	21.973	0
0	0	122.25	21.973	0
0	0	122.92	21.973	0
0	0	123.27	21.973	0
0	0	123.27	22.326	0
0	0	123.59	22.326	0
0	0	123.94	22.326	0
0	0	124.26	22.326	0
0	0	124.61	22.326	0
0	0	124.61	22.643	0
0	0	124.93	22.643	0
0	0	125.24	22.643	0
0	0	125.6	22.996	0
0	0	126.27	23.313	0
0	0	126.58	23.313	0
0	0	127.25	23.666	0
0	0	127.92	24.301	0
0	0	128.24	24.301	0
0	0	128.59	24.301	0
0	0	128.91	24.301	0
0	0	129.26	24.301	0
0	0	129.58	24.301	0
0	0	129.9	24.654	0
0	0	130.57	24.654	0
0	0	130.92	24.971	0
0	0	130.92	25.324	0
0	0	131.24	25.324	0
0	0	131.59	25.324	0
0	0	131.91	25.641	0
0	0	132.26	25.994	0
0	0	132.58	26.629	0
0	0	133.57	27.652	0
0	0	134.59	28.639	0
0	0	135.23	28.957	0
0	0	135.23	29.309	0
0	0	135.58	29.309	0
0	0	135.9	29.309	0
0	0	136.92	29.627	0
0	0	137.24	29.98	0
0	0	138.22	30.297	0
0	0	138.58	30.297	0
0	0	138.58	30.65	0
0	0	138.58	30.967	0
0	0	138.58	31.637	0
0	0	138.89	31.955	0
0	0	139.56	32.625	0
0	0	139.88	33.295	0
0	0	140.23	33.648	0
0	0	140.55	33.648	0
0	0	140.9	33.965	0
0	0	141.22	34.282	0
0	0	141.22	34.635	0
0	0	141.89	34.953	0
0	0	142.56	35.305	0
0	0	143.55	36.293	0
0	0	143.55	36.61	0
0	0	143.55	36.963	0
0	0	143.9	36.963	0
0	0	143.9	37.28	0
0	0	144.22	37.633	0
0	0	144.57	37.951	0
0	0	144.89	38.303	0
0	0	144.89	38.621	0
0	0	145.21	39.291	0
0	0	145.88	39.961	0
0	0	146.55	40.278	0
0	0	146.55	40.631	0
0	0	147.22	41.301	0
0	0	147.53	41.619	0
0	0	147.53	41.936	0
0	0	147.53	42.289	0
0	0	147.53	42.606	0
0	0	147.53	42.959	0
0	0	147.53	43.276	0
0	0	147.53	43.946	0
0	0	147.53	44.264	0
0	0	147.53	44.617	0
0	0	147.53	45.287	0
0	0	147.53	45.604	0
0	0	147.22	45.604	0
0	0	147.22	45.957	0
0	0	146.9	45.957	0
0	0	146.9	46.274	0
0	0	146.55	46.592	0
0	0	146.23	46.592	0
0	0	146.23	46.944	0
0	0	145.88	47.262	0
0	0	145.88	47.615	0
0	0	145.88	47.932	0
0	0	145.56	47.932	0
0	0	145.56	48.285	0
0	0	145.21	48.285	0
0	0	145.21	48.602	0
0	0	144.89	48.602	0
0	0	144.57	48.602	0
0	0	144.22	48.602	0
0	0	144.22	49.272	0
0	0	143.9	49.272	0
0	0	143.55	49.272	0
0	0	143.55	49.59	0
0	0	143.23	49.59	0
0	0	142.88	49.59	0
0	0	142.56	49.942	0
0	0	142.24	49.942	0
0	0	142.24	50.612	0
0	0	141.57	50.612	0
0	0	141.57	50.93	0
0	0	141.22	50.93	0
0	0	141.22	51.283	0
0	0	140.9	51.6	0
0	0	140.9	51.917	0
0	0	140.23	51.917	0
0	0	139.88	52.27	0
0	0	139.25	52.94	0
0	0	138.89	52.94	0
0	0	138.58	53.258	0
0	0	138.22	53.61	0
0	0	137.91	53.61	0
0	0	137.55	53.61	0
0	0	137.24	53.928	0
0	0	136.57	53.928	0
0	0	136.57	54.245	0
0	0	136.25	54.245	0
0	0	136.25	54.598	0
0	0	135.9	54.598	0
0	0	135.58	54.598	0
0	0	135.23	54.598	0
0	0	134.91	54.598	0
0	0	134.59	54.598	0
0	0	134.24	54.598	0
0	0	133.92	54.598	0
0	0	133.57	54.598	0
0	0	133.25	54.598	0
0	0	132.9	54.598	0
0	0	132.26	54.598	0
0	0	131.91	54.598	0
0	0	131.24	54.598	0
0	0	130.92	54.598	0
0	0	130.57	54.598	0
0	0	130.25	54.598	0
0	0	129.9	54.598	0
0	0	129.58	54.598	0
0	0	129.58	54.915	0
0	0	129.26	54.915	0
0	0	128.91	55.268	0
0	0	128.24	55.268	0
0	0	127.92	55.586	0
0	0	127.25	55.938	0
0	0	126.58	56.256	0
0	0	126.27	56.608	0
0	0	125.6	56.926	0
0	0	125.24	57.243	0
0	0	124.61	57.596	0
0	0	124.26	57.596	0
0	0	123.59	57.913	0
0	0	123.27	57.913	0
0	0	123.27	58.266	0
0	0	122.92	58.266	0
0	0	122.6	58.583	0
0	0	122.25	58.583	0
0	0	121.93	58.583	0
0	0	121.61	59.254	0
0	0	121.26	59.254	0
0	0	120.94	59.571	0
0	0	120.59	59.571	0
0	0	120.59	59.924	0
0	0	120.27	59.924	0
0	0	120.27	60.241	0
0	0	120.27	60.594	0
0	0	119.92	60.594	0
0	0	119.92	60.911	0
0	0	119.6	60.911	0
0	0	119.28	61.264	0
0	0	119.28	61.581	0
0	0	119.28	61.899	0
0	0	118.93	62.252	0
0	0	118.93	62.569	0
0	0	118.61	62.569	0
0	0	118.26	62.569	0
0	0	118.26	62.922	0
0	0	117.94	63.239	0
0	0	117.59	63.239	0
0	0	117.59	63.592	0
0	0	117.27	63.592	0
0	0	117.27	63.909	0
0	0	117.27	64.227	0
0	0	117.27	64.579	0
0	0	116.96	64.579	0
0	0	116.6	64.579	0
0	0	116.6	64.897	0
0	0	116.29	65.25	0
0	0	116.29	65.567	0
0	0	115.93	65.92	0
0	0	115.26	66.59	0
0	0	114.63	67.225	0
0	0	113.6	67.895	0
0	0	113.29	67.895	0
0	0	112.93	68.247	0
0	0	112.62	68.565	0
0	0	112.26	69.235	0
0	0	111.95	69.235	0
0	0	111.63	69.552	0
0	0	111.28	70.223	0
0	0	111.28	70.575	0
0	0	110.96	70.575	0
0	0	110.96	70.893	0
0	0	110.96	71.245	0
0	0	110.96	71.563	0
0	0	110.96	71.88	0
0	0	110.61	72.233	0
0	0	110.61	72.55	0
0	0	110.29	72.55	0
0	0	109.94	72.55	0
0	0	109.3	73.573	0
0	0	108.95	73.891	0
0	0	108.95	74.243	0
0	0	108.95	74.561	0
0	0	108.95	74.878	0
0	0	108.63	74.878	0
0	0	108.28	75.231	0
0	0	108.28	75.901	0
0	0	107.96	76.218	0
0	0	107.96	76.571	0
0	0	107.61	76.889	0
0	0	107.61	77.206	0
0	0	107.29	77.559	0
0	0	106.97	77.876	0
0	0	106.97	78.229	0
0	0	106.62	78.229	0
0	0	106.62	78.546	0
0	0	106.62	78.899	0
0	0	106.62	79.534	0
0	0	106.62	79.887	0
0	0	106.62	80.204	0
0	0	106.62	80.557	0
0	0	106.62	80.874	0
0	0	106.62	81.227	0
0	0	106.62	81.544	0
0	0	106.62	81.862	0
0	0	106.62	82.214	0
0	0	106.62	82.532	0
0	0	106.62	82.885	0
0	0	106.62	83.202	0
0	0	106.62	83.555	0
0	0	106.62	83.872	0
0	0	106.97	84.225	0
0	0	107.29	84.225	0
0	0	107.96	84.86	0
0	0	108.28	85.53	0
0	0	108.63	86.2	0
0	0	108.63	86.553	0
0	0	108.63	86.87	0
0	0	108.95	86.87	0
0	0	109.3	86.87	0
0	0	109.62	86.87	0
0	0	109.94	86.87	0
0	0	110.29	86.87	0
0	0	110.61	86.87	0
0	0	110.96	86.87	0
0	0	111.28	86.87	0
0	0	111.28	87.187	0
0	0	111.63	87.187	0
0	0	111.95	87.187	0
0	0	112.26	87.187	0
0	0	112.62	87.187	0
0	0	112.93	87.187	0
0	0	113.29	87.187	0
0	0	113.6	87.187	0
0	0	114.27	87.187	0
0	0	114.63	87.187	0
0	0	114.94	86.87	0
0	0	115.26	86.87	0
0	0	115.62	86.87	0
0	0	115.93	86.87	0
0	0	116.29	86.87	0
0	0	116.6	86.87	0
0	0	116.96	86.87	0
0	0	117.59	86.87	0
0	0	117.94	86.87	0
0	0	118.26	86.87	0
0	0	118.93	86.87	0
0	0	119.28	86.87	0
0	0	119.92	86.87	0
0	0	120.27	86.553	0
0	0	120.59	86.553	0
0	0	120.94	86.553	0
0	0	121.26	86.553	0
0	0	121.61	86.553	0
0	0	121.93	86.553	0
0	0	122.25	86.553	0
0	0	122.92	86.553	0
0	0	123.27	86.553	0
0	0	123.59	86.553	0
0	0	123.94	86.553	0
0	0	124.26	86.553	0
0	0	124.61	86.553	0
0	0	124.93	86.553	0
0	0	125.24	86.553	0
0	0	125.6	86.553	0
0	0	125.91	86.553	0
0	0	126.27	86.553	0
0	0	126.58	86.553	0
0	0	126.94	86.2	0
0	0	127.25	86.2	0
0	0	127.57	86.2	0
0	0	127.92	86.2	0
0	0	127.92	85.882	0
0	0	128.24	85.882	0
0	0	128.59	85.882	0
0	0	128.59	85.53	0
0	0	128.91	85.53	0
0	0	128.91	85.212	0
0	0	129.26	85.212	0
0	0	129.58	84.86	0
0	0	129.58	84.542	0
0	0	129.9	84.542	0
0	0	129.9	84.225	0
0	0	130.25	83.872	0
0	0	130.25	83.202	0
0	0	130.25	82.885	0
0	0	130.57	82.532	0
0	0	130.57	82.214	0
0	0	130.57	81.862	0
0	0	130.92	81.544	0
0	0	130.92	80.557	0
0	0	131.24	79.534	0
0	0	131.24	79.216	0
0	0	131.24	78.899	0
0	0	131.59	78.546	0
0	0	131.59	78.229	0
0	0	131.59	77.876	0
0	0	131.59	77.559	0
0	0	131.59	77.206	0
0	0	131.59	76.889	0
0	0	131.59	76.571	0
0	0	131.91	75.901	0
0	0	131.91	75.548	0
0	0	131.91	75.231	0
0	0	131.91	74.878	0
0	0	131.91	74.561	0
0	0	132.26	74.561	0
0	0	132.26	74.243	0
0	0	132.26	73.891	0
0	0	132.9	72.903	0
0	0	133.25	71.88	0
0	0	133.25	71.563	0
0	0	133.57	70.893	0
0	0	133.57	70.575	0
0	0	133.92	70.575	0
0	0	133.92	70.223	0
0	0	133.92	69.905	0
0	0	134.24	69.905	0
0	0	134.24	69.552	0
0	0	134.24	69.235	0
0	0	134.24	68.918	0
0	0	134.24	68.565	0
0	0	134.59	68.565	0
0	0	134.59	68.247	0
0	0	134.59	67.577	0
0	0	134.59	66.907	0
0	0	134.59	66.59	0
0	0	134.59	66.237	0
0	0	134.91	65.92	0
0	0	134.91	65.567	0
0	0	135.23	65.567	0
0	0	135.58	65.25	0
0	0	135.9	64.897	0
0	0	136.25	64.897	0
0	0	136.25	64.579	0
0	0	136.57	64.579	0
0	0	136.92	64.579	0
0	0	137.24	64.227	0
0	0	137.55	64.227	0
0	0	137.91	64.227	0
0	0	138.22	64.227	0
0	0	138.58	64.227	0
0	0	138.89	64.227	0
0	0	139.25	64.227	0
0	0	139.56	64.227	0
0	0	139.56	63.909	0
0	0	139.88	63.909	0
0	0	140.23	63.909	0
0	0	140.55	63.909	0
0	0	140.9	63.909	0
0	0	141.22	63.909	0
0	0	141.57	63.909	0
0	0	141.89	63.909	0
0	0	142.24	63.909	0
0	0	142.56	63.909	0
0	0	142.88	63.909	0
0	0	143.23	63.909	0
0	0	143.55	63.909	0
0	0	143.9	63.909	0
0	0	144.22	63.909	0
0	0	144.57	63.909	0
0	0	144.89	63.909	0
0	0	145.21	63.909	0
0	0	145.56	63.909	0
0	0	146.23	63.909	0
0	0	146.55	63.909	0
0	0	147.22	63.909	0
0	0	147.89	63.909	0
0	0	147.89	64.227	0
0	0	147.89	64.579	0
0	0	148.2	64.579	0
0	0	148.56	64.579	0
0	0	148.87	64.579	0
0	0	149.23	64.579	0
0	0	149.54	64.897	0
0	0	149.9	64.897	0
0	0	150.21	65.25	0
0	0	150.53	65.25	0
0	0	150.89	65.567	0
0	0	151.56	65.92	0
0	0	151.87	65.92	0
0	0	152.54	66.237	0
0	0	152.86	66.237	0
0	0	153.21	66.59	0
0	0	153.53	66.59	0
0	0	153.88	66.907	0
0	0	154.2	66.907	0
0	0	154.2	67.225	0
0	0	154.55	67.225	0
0	0	154.55	67.577	0
0	0	154.87	67.577	0
0	0	154.87	67.895	0
0	0	155.19	68.247	0
0	0	155.19	68.565	0
0	0	155.54	68.565	0
0	0	155.54	68.918	0
0	0	155.86	68.918	0
0	0	156.21	69.552	0
0	0	156.88	69.552	0
0	0	157.2	69.905	0
0	0	157.52	70.223	0
0	0	157.87	70.223	0
0	0	158.19	70.575	0
0	0	158.19	70.893	0
0	0	158.54	71.245	0
0	0	158.54	71.563	0
0	0	158.86	71.563	0
0	0	158.86	71.88	0
0	0	158.86	72.233	0
0	0	159.21	72.903	0
0	0	159.21	73.221	0
0	0	159.21	73.573	0
0	0	159.53	73.891	0
0	0	159.53	74.243	0
0	0	159.88	74.243	0
0	0	159.88	74.561	0
0	0	160.2	74.878	0
0	0	160.2	75.231	0
0	0	160.2	75.548	0
0	0	160.2	75.901	0
0	0	160.51	76.218	0
0	0	160.51	76.571	0
0	0	160.51	76.889	0
0	0	160.51	77.206	0
0	0	160.51	77.559	0
0	0	160.51	77.876	0
0	0	160.87	77.876	0
0	0	160.87	78.229	0
0	0	160.87	78.546	0
0	0	160.87	78.899	0
0	0	161.18	79.216	0
0	0	161.18	79.534	0
0	0	161.18	79.887	0
0	0	161.54	80.204	0
0	0	161.54	80.557	0
0	0	161.54	80.874	0
0	0	161.54	81.227	0
0	0	161.54	81.544	0
0	0	161.54	81.862	0
0	0	161.18	81.862	0
0	0	161.18	82.214	0
0	0	161.18	82.532	0
0	0	161.18	82.885	0
0	0	161.18	83.202	0
0	0	161.18	83.555	0
0	0	160.87	83.555	0
0	0	160.87	83.872	0
0	0	160.87	84.225	0
0	0	160.87	84.542	0
0	0	160.51	84.86	0
0	0	160.51	85.212	0
0	0	160.51	85.53	0
0	0	160.51	85.882	0
0	0	160.51	86.2	0
0	0	160.51	86.553	0
0	0	160.2	86.87	0
0	0	159.88	87.187	0
0	0	159.53	87.187	0
0	0	159.53	87.54	0
0	0	159.21	87.54	0
0	0	158.86	87.858	0
0	0	158.54	87.858	0
0	0	158.54	88.21	0
0	0	158.54	88.528	0
0	0	158.19	88.528	0
0	0	158.19	88.88	0
0	0	157.87	89.198	0
0	0	157.52	89.515	0
0	0	157.52	89.868	0
0	0	157.2	89.868	0
0	0	157.2	90.185	0
0	0	156.88	90.185	0
0	0	156.88	90.538	0
0	0	156.53	90.538	0
0	0	156.21	90.856	0
0	0	155.86	90.856	0
0	0	155.86	91.208	0
0	0	155.54	91.526	0
0	0	155.19	91.526	0
0	0	155.19	91.878	0
0	0	155.19	92.196	0
0	0	155.19	92.513	0
0	0	154.87	92.513	0
0	0	154.87	92.866	0
0	0	154.55	92.866	0
0	0	154.2	92.866	0
0	0	153.53	92.866	0
0	0	153.21	93.183	0
0	0	152.86	93.183	0
0	0	152.86	93.536	0
0	0	152.54	93.853	0
0	0	152.23	93.853	0
0	0	151.87	93.853	0
0	0	151.56	93.853	0
0	0	151.56	94.206	0
0	0	151.2	94.206	0
0	0	151.2	94.524	0
0	0	150.89	94.524	0
0	0	150.53	94.524	0
0	0	150.21	94.524	0
0	0	149.9	94.524	0
0	0	149.23	94.524	0
0	0	148.87	94.841	0
0	0	148.2	94.841	0
0	0	148.2	95.194	0
0	0	147.89	95.194	0
0	0	147.53	95.194	0
0	0	147.53	95.511	0
0	0	146.9	95.511	0
0	0	146.9	95.194	0
0	0	146.23	95.194	0
0	0	144.89	95.194	0
0	0	144.57	95.194	0
0	0	144.22	95.194	0
0	0	143.9	95.194	0
0	0	143.23	95.194	0
0	0	142.88	95.194	0
0	0	142.56	95.511	0
0	0	142.24	95.511	0
0	0	141.89	95.864	0
0	0	141.57	95.864	0
0	0	141.22	95.864	0
0	0	140.9	96.181	0
0	0	140.55	96.181	0
0	0	140.23	96.181	0
0	0	139.88	96.181	0
0	0	139.56	96.534	0
0	0	139.25	96.534	0
0	0	138.89	96.534	0
0	0	138.58	96.534	0
0	0	138.22	96.534	0
0	0	137.55	96.534	0
0	0	136.92	96.534	0
0	0	136.57	96.534	0
0	0	136.25	96.534	0
0	0	136.25	96.851	0
0	0	135.9	96.851	0
0	0	135.23	96.851	0
0	0	135.23	97.169	0
0	0	134.91	97.169	0
0	0	134.59	97.169	0
0	0	133.92	97.169	0
0	0	132.9	97.169	0
0	0	132.58	97.169	0
0	0	132.26	97.522	0
0	0	131.91	97.522	0
0	0	131.59	97.522	0
0	0	131.24	97.522	0
0	0	130.92	97.522	0
0	0	130.57	97.522	0
0	0	130.25	97.522	0
0	0	129.9	97.522	0
0	0	129.58	97.522	0
0	0	129.26	97.522	0
0	0	128.91	97.522	0
0	0	128.59	97.522	0
0	0	127.92	97.522	0
0	0	127.57	97.522	0
0	0	127.25	97.522	0
0	0	126.94	97.522	0
0	0	126.58	97.522	0
0	0	126.27	97.522	0
0	0	125.91	97.522	0
0	0	125.6	97.522	0
0	0	125.24	97.522	0
0	0	124.93	97.522	0
0	0	124.26	97.522	0
0	0	123.94	97.522	0
0	0	123.59	97.522	0
0	0	123.27	97.522	0
0	0	122.92	97.522	0
0	0	122.6	97.522	0
0	0	122.25	97.522	0
0	0	121.93	97.522	0
0	0	121.61	97.522	0
0	0	120.94	97.522	0
0	0	120.59	97.522	0
0	0	119.92	97.522	0
0	0	119.28	97.522	0
0	0	118.93	97.522	0
0	0	118.61	97.522	0
0	0	117.94	97.522	0
0	0	117.59	97.522	0
0	0	116.6	97.169	0
0	0	115.93	96.851	0
0	0	115.26	96.851	0
0	0	114.63	96.851	0
0	0	114.27	96.851	0
0	0	113.6	96.851	0
0	0	113.29	96.851	0
0	0	112.93	96.534	0
0	0	112.26	96.534	0
0	0	111.95	96.534	0
0	0	111.63	96.534	0
0	0	110.96	96.534	0
0	0	110.61	96.534	0
0	0	110.29	96.534	0
0	0	109.62	96.534	0
0	0	109.3	96.534	0
0	0	108.63	96.534	0
0	0	108.28	96.534	0
0	0	107.96	96.534	0
0	0	107.61	96.851	0
0	0	107.29	97.169	0
0	0	106.97	97.169	0
0	0	106.62	97.169	0
0	0	105.95	97.169	0
0	0	105.63	97.169	0
0	0	105.28	97.169	0
0	0	104.96	97.522	0
0	0	104.61	97.522	0
0	0	104.29	97.522	0
0	0	103.62	97.522	0
0	0	103.31	97.522	0
0	0	102.95	97.522	0
0	0	102.64	97.522	0
0	0	101.65	97.522	0
0	0	100.63	97.522	0
0	0	100.31	97.522	0
0	0	99.955	97.522	0
0	0	99.638	97.522	0
0	0	98.968	97.522	0
0	0	98.297	97.522	0
0	0	97.627	97.522	0
0	0	96.993	97.522	0
0	0	96.64	97.522	0
0	0	95.97	97.522	0
0	0	95.3	97.522	0
0	0	94.629	97.522	0
0	0	93.324	97.522	0
0	0	91.667	97.522	0
0	0	89.974	97.522	0
0	0	88.986	97.522	0
0	0	88.316	97.522	0
0	0	87.646	97.522	0
0	0	87.329	97.522	0
0	0	86.976	97.522	0
0	0	86.658	97.522	0
0	0	85.988	97.522	0
0	0	85.671	97.522	0
0	0	85.001	97.522	0
0	0	84.648	97.522	0
0	0	84.013	97.522	0
0	0	83.66	97.522	0
0	0	83.343	97.522	0
0	0	82.99	97.522	0
0	0	82.673	97.522	0
0	0	82.32	97.522	0
0	0	81.685	97.522	0
0	0	81.333	97.169	0
0	0	81.015	97.169	0
0	0	81.015	96.851	0
0	0	80.345	96.851	0
0	0	79.992	96.534	0
0	0	79.675	96.534	0
0	0	79.005	96.181	0
0	0	78.687	96.181	0
0	0	78.017	96.181	0
0	0	77.665	96.181	0
0	0	77.347	96.181	0
0	0	76.994	96.181	0
0	0	76.677	96.181	0
0	0	76.36	96.534	0
0	0	76.007	96.534	0
0	0	75.689	96.534	0
0	0	75.337	96.534	0
0	0	75.019	96.534	0
0	0	74.667	96.534	0
0	0	74.032	96.851	0
0	0	73.679	96.851	0
0	0	73.362	96.851	0
0	0	73.009	96.851	0
0	0	72.691	96.851	0
0	0	72.339	96.851	0
0	0	72.021	96.851	0
0	0	71.704	96.851	0
0	0	71.351	96.851	0
0	0	71.034	96.851	0
0	0	70.364	96.851	0
0	0	70.011	96.851	0
0	0	69.694	96.851	0
0	0	69.341	96.851	0
0	0	69.023	96.851	0
0	0	68.706	96.851	0
0	0	68.353	96.851	0
0	0	68.036	96.851	0
0	0	67.683	96.851	0
0	0	67.366	96.851	0
0	0	67.013	96.851	0
0	0	66.696	96.851	0
0	0	66.025	96.851	0
0	0	65.708	96.851	0
0	0	65.038	96.851	0
0	0	64.368	96.851	0
0	0	64.05	96.851	0
0	0	63.698	96.851	0
0	0	63.38	96.851	0
0	0	63.027	96.851	0
0	0	62.71	96.851	0
0	0	62.357	96.851	0
0	0	62.04	96.851	0
0	0	61.723	96.851	0
0	0	61.37	96.851	0
0	0	60.7	96.851	0
0	0	60.03	96.851	0
0	0	59.712	96.851	0
0	0	59.042	96.851	0
0	0	58.725	96.851	0
0	0	58.054	96.851	0
0	0	57.032	96.851	0
0	0	56.714	96.851	0
0	0	56.044	96.851	0
0	0	55.374	96.851	0
0	0	55.056	96.851	0
0	0	54.386	96.851	0
0	0	54.069	96.851	0
0	0	53.399	96.851	0
0	0	52.729	96.851	0
0	0	51.706	96.851	0
0	0	51.071	96.851	0
0	0	50.401	96.851	0
0	0	50.048	96.851	0
0	0	49.378	96.851	0
0	0	49.061	96.851	0
0	0	48.743	96.851	0
0	0	48.39	96.851	0
0	0	47.72	96.851	0
0	0	47.403	96.851	0
0	0	46.415	96.851	0
0	0	46.063	96.851	0
0	0	45.392	96.851	0
0	0	45.075	96.851	0
0	0	44.722	96.851	0
0	0	44.405	96.851	0
0	0	44.088	96.851	0
0	0	43.417	96.851	0
0	0	43.065	96.851	0
0	0	42.395	96.851	0
0	0	42.077	96.851	0
0	0	41.407	96.851	0
0	0	41.09	96.851	0
0	0	40.737	96.851	0
0	0	40.067	96.851	0
0	0	39.397	96.851	0
0	0	39.079	96.851	0
0	0	38.762	96.851	0
0	0	38.409	96.851	0
0	0	38.092	96.851	0
0	0	37.739	96.851	0
0	0	37.421	96.851	0
0	0	36.751	96.851	0
0	0	36.434	96.851	0
0	0	36.081	96.851	0
0	0	35.764	96.851	0
0	0	35.094	96.851	0
0	0	34.741	96.851	0
0	0	34.424	96.851	0
0	0	34.071	96.851	0
0	0	33.753	96.851	0
0	0	33.436	96.851	0
0	0	32.766	96.851	0
0	0	32.413	96.851	0
0	0	32.096	96.851	0
0	0	31.743	96.851	0
0	0	31.426	96.851	0
0	0	31.108	96.851	0
0	0	30.755	96.851	0
0	0	30.438	96.851	0
0	0	30.085	96.851	0
0	0	29.768	96.851	0
0	0	29.415	96.851	0
0	0	29.098	96.851	0
0	0	28.78	96.851	0
0	0	28.428	96.851	0
0	0	28.11	96.851	0
0	0	27.757	96.851	0
0	0	27.44	96.851	0
0	0	27.087	96.851	0
0	0	27.087	97.169	0
0	0	26.77	97.169	0
0	0	26.77	97.522	0
0	0	26.77	97.839	0
0	0	26.453	97.839	0
0	0	26.1	98.192	0
0	0	26.1	98.509	0
0	0	26.1	98.862	0
0	0	26.1	99.179	0
0	0	26.1	99.497	0
0	0	26.1	99.849	0
0	0	26.1	100.17	0
0	0	26.1	100.52	0
0	0	26.1	101.51	0
0	0	26.1	101.86	0
0	0	26.1	102.18	0
0	0	26.1	102.49	0
0	0	26.1	102.85	0
0	0	26.1	103.16	0
0	0	26.1	103.52	0
0	0	26.1	103.83	0
0	0	26.1	104.19	0
0	0	26.1	104.51	0
0	0	26.1	105.18	0
0	0	26.1	105.85	0
0	0	26.1	106.16	0
0	0	26.1	106.52	0
0	0	26.1	106.83	0
0	0	26.1	107.15	0
0	0	26.1	107.5	0
0	0	26.1	108.17	0
0	0	26.1	108.49	0
0	0	26.1	108.84	0
0	0	26.1	109.16	0
0	0	26.1	109.83	0
0	0	26.1	110.15	0
0	0	26.1	110.5	0
0	0	26.1	110.82	0
0	0	26.1	111.17	0
0	0	26.1	111.49	0
0	0	26.1	111.84	0
0	0	26.1	112.48	0
0	0	26.453	112.83	0
0	0	26.453	113.15	0
0	0	26.453	113.5	0
0	0	26.453	114.49	0
0	0	26.77	115.16	0
0	0	26.77	115.83	0
0	0	27.087	116.14	0
0	0	27.087	116.5	0
0	0	27.44	117.13	0
0	0	27.087	117.13	0
0	0	26.77	117.13	0
0	0	26.77	117.48	0
0	0	26.77	118.15	0
0	0	26.77	119.14	0
0	0	26.77	119.81	0
0	0	26.77	120.13	0
0	0	26.77	120.48	0
0	0	26.77	120.8	0
0	0	26.77	121.15	0
0	0	26.77	121.47	0
0	0	26.453	121.82	0
0	0	26.453	122.46	0
0	0	26.453	122.81	0
0	0	26.453	123.13	0
0	0	26.453	123.48	0
0	0	26.1	123.8	0
0	0	26.1	124.15	0
0	0	26.1	124.47	0
0	0	26.1	124.79	0
0	0	26.1	125.14	0
0	0	26.1	125.46	0
0	0	26.1	125.81	0
0	0	26.1	126.13	0
0	0	26.1	126.48	0
0	0	26.1	126.8	0
0	0	26.1	127.47	0
0	0	26.1	127.78	0
0	0	26.1	128.14	0
0	0	26.1	128.45	0
0	0	26.1	128.81	0
0	0	26.1	129.12	0
0	0	26.1	129.48	0
0	0	26.1	129.79	0
0	0	26.1	130.11	0
0	0	26.1	130.46	0
0	0	26.1	130.78	0
0	0	26.1	131.13	0
0	0	26.1	131.45	0
0	0	26.1	131.8	0
0	0	26.1	132.12	0
0	0	26.1	132.44	0
0	0	26.1	133.11	0
0	0	26.453	133.46	0
0	0	26.453	133.78	0
0	0	26.453	134.13	0
0	0	26.453	134.45	0
0	0	26.453	134.77	0
0	0	26.77	134.77	0
0	0	26.77	135.12	0
0	0	26.77	135.44	0
0	0	26.77	135.79	0
0	0	26.77	136.11	0
0	0	26.77	136.46	0
0	0	26.77	136.78	0
0	0	26.77	137.13	0
0	0	26.77	137.45	0
0	0	26.77	137.76	0
0	0	26.77	138.12	0
0	0	26.77	138.43	0
0	0	26.77	138.79	0
0	0	27.44	138.79	0
0	0	27.757	138.79	0
0	0	27.757	138.43	0
0	0	28.11	138.43	0
0	0	28.428	138.79	0
0	0	28.428	139.1	0
0	0	28.78	139.1	0
0	0	29.098	139.1	0
0	0	29.415	139.1	0
0	0	30.085	139.1	0
0	0	30.438	139.1	0
0	0	30.755	139.1	0
0	0	31.108	139.1	0
0	0	31.426	139.1	0
0	0	31.743	139.1	0
0	0	32.096	139.1	0
0	0	32.413	139.1	0
0	0	32.413	138.79	0
0	0	32.766	138.79	0
0	0	33.083	138.43	0
0	0	33.753	138.12	0
0	0	34.071	138.12	0
0	0	34.424	137.76	0
0	0	34.741	137.76	0
0	0	35.094	137.76	0
0	0	35.411	137.76	0
0	0	35.764	137.76	0
0	0	36.081	137.76	0
0	0	36.434	137.76	0
0	0	36.751	137.76	0
0	0	37.069	137.76	0
0	0	37.069	138.12	0
0	0	37.739	138.12	0
0	0	38.092	138.12	0
0	0	38.409	138.43	0
0	0	39.079	138.43	0
0	0	39.397	138.43	0
0	0	39.749	138.79	0
0	0	40.067	139.1	0
0	0	40.419	139.1	0
0	0	40.737	139.1	0
0	0	41.09	139.1	0
0	0	41.407	139.1	0
0	0	41.724	139.1	0
0	0	42.077	139.1	0
0	0	42.395	138.79	0
0	0	42.747	138.79	0
0	0	42.747	138.43	0
0	0	43.065	138.43	0
0	0	43.417	138.43	0
0	0	43.735	138.43	0
0	0	44.088	138.43	0
0	0	44.405	138.43	0
0	0	44.722	138.43	0
0	0	44.722	138.12	0
0	0	44.722	137.76	0
0	0	44.722	137.45	0
0	0	44.722	137.13	0
0	0	44.722	136.11	0
0	0	44.722	135.79	0
0	0	44.722	135.12	0
0	0	44.722	134.77	0
0	0	44.722	134.13	0
0	0	44.722	133.78	0
0	0	44.722	133.46	0
0	0	44.722	133.11	0
0	0	44.722	132.79	0
0	0	44.722	132.44	0
0	0	44.722	132.12	0
0	0	44.722	131.8	0
0	0	44.722	131.45	0
0	0	44.722	131.13	0
0	0	44.722	130.78	0
0	0	44.722	130.46	0
0	0	44.722	130.11	0
0	0	44.722	129.79	0
0	0	44.722	129.48	0
0	0	44.722	128.45	0
0	0	44.722	127.47	0
0	0	44.722	126.8	0
0	0	44.722	126.13	0
0	0	44.722	125.81	0
0	0	44.722	125.46	0
0	0	44.722	125.14	0
0	0	44.722	124.79	0
0	0	44.722	124.47	0
0	0	44.722	124.15	0
0	0	44.722	123.8	0
0	0	44.722	123.48	0
0	0	44.722	123.13	0
0	0	44.722	122.81	0
0	0	44.722	122.46	0
0	0	44.722	122.14	0
0	0	44.722	121.82	0
0	0	44.405	121.82	0
0	0	44.405	121.47	0
0	0	44.405	121.15	0
0	0	44.405	120.8	0
0	0	44.405	120.48	0
0	0	44.405	120.13	0
0	0	44.405	119.81	0
0	0	44.405	119.49	0
0	0	44.405	119.14	0
0	0	44.405	118.82	0
0	0	44.405	118.47	0
0	0	44.405	118.15	0
0	0	44.405	117.8	0
0	0	44.405	117.48	0
0	0	44.405	117.13	0
0	0	44.405	116.81	0
0	0	44.405	116.5	0
0	0	44.405	116.14	0
0	0	44.405	115.83	0
0	0	44.405	115.47	0
0	0	44.405	114.8	0
0	0	44.405	114.49	0
0	0	44.405	114.17	0
0	0	44.405	113.82	0
0	0	44.405	113.5	0
0	0	44.405	113.15	0
0	0	44.722	113.15	0
0	0	44.722	112.83	0
0	0	44.722	112.48	0
0	0	44.722	112.16	0
0	0	44.722	111.84	0
0	0	45.075	111.84	0
0	0	45.075	111.49	0
0	0	45.392	111.49	0
0	0	45.745	111.49	0
0	0	46.063	111.49	0
0	0	46.733	111.49	0
0	0	47.05	111.49	0
0	0	47.72	111.49	0
0	0	48.073	111.49	0
0	0	48.39	111.49	0
0	0	48.743	111.49	0
0	0	49.061	111.17	0
0	0	49.378	111.17	0
0	0	49.378	110.82	0
0	0	49.731	110.82	0
0	0	50.718	110.82	0
0	0	51.706	110.82	0
0	0	52.376	110.82	0
0	0	52.729	110.82	0
0	0	53.046	110.82	0
0	0	53.399	110.82	0
0	0	53.716	110.82	0
0	0	54.069	110.82	0
0	0	54.386	110.82	0
0	0	54.704	110.82	0
0	0	55.056	110.82	0
0	0	55.374	110.82	0
0	0	56.044	110.82	0
0	0	56.397	110.82	0
0	0	56.714	110.82	0
0	0	57.032	110.82	0
0	0	57.384	110.82	0
0	0	57.702	110.82	0
0	0	58.054	110.82	0
0	0	58.372	110.82	0
0	0	58.372	111.17	0
0	0	58.725	111.17	0
0	0	59.359	111.17	0
0	0	60.7	111.17	0
0	0	61.37	111.17	0
0	0	61.723	111.17	0
0	0	62.357	111.49	0
0	0	62.71	111.49	0
0	0	63.027	111.49	0
0	0	63.38	111.49	0
0	0	63.698	111.49	0
0	0	64.05	111.49	0
0	0	64.368	111.49	0
0	0	64.685	111.49	0
0	0	65.038	111.49	0
0	0	65.355	111.49	0
0	0	65.708	111.49	0
0	0	66.025	111.49	0
0	0	67.013	111.49	0
0	0	68.036	111.49	0
0	0	68.353	111.49	0
0	0	68.706	111.49	0
0	0	69.341	111.49	0
0	0	70.011	111.49	0
0	0	70.364	111.49	0
0	0	70.681	111.49	0
0	0	71.351	111.49	0
0	0	71.704	111.49	0
0	0	72.021	111.49	0
0	0	72.339	111.49	0
0	0	73.009	111.49	0
0	0	74.032	111.49	0
0	0	74.667	111.49	0
0	0	75.019	111.49	0
0	0	75.337	111.49	0
0	0	75.689	111.49	0
0	0	76.007	111.49	0
0	0	76.677	111.49	0
0	0	77.347	111.49	0
0	0	78.017	111.49	0
0	0	78.335	111.49	0
0	0	78.687	111.49	0
0	0	79.005	111.49	0
0	0	79.675	111.49	0
0	0	80.345	111.49	0
0	0	80.662	111.49	0
0	0	81.015	111.49	0
0	0	81.685	111.17	0
0	0	82.003	111.17	0
0	0	82.32	111.17	0
0	0	82.673	111.17	0
0	0	82.99	111.17	0
0	0	83.343	111.17	0
0	0	84.013	111.17	0
0	0	84.331	111.17	0
0	0	84.648	111.17	0
0	0	85.001	111.17	0
0	0	85.671	111.17	0
0	0	86.341	111.17	0
0	0	86.658	111.17	0
0	0	86.976	111.17	0
0	0	87.329	111.17	0
0	0	87.646	111.17	0
0	0	87.999	111.17	0
0	0	88.316	111.17	0
0	0	88.669	111.17	0
0	0	89.339	111.17	0
0	0	89.974	111.17	0
0	0	90.644	111.17	0
0	0	91.314	111.17	0
0	0	91.984	110.82	0
0	0	92.654	110.82	0
0	0	93.324	110.82	0
0	0	93.995	110.82	0
0	0	94.312	110.82	0
0	0	94.629	110.82	0
0	0	95.3	110.82	0
0	0	95.652	110.5	0
0	0	96.322	110.5	0
0	0	96.64	110.5	0
0	0	96.993	110.5	0
0	0	97.627	110.5	0
0	0	97.98	110.5	0
0	0	98.297	110.5	0
0	0	98.65	110.5	0
0	0	98.968	110.5	0
0	0	99.32	110.5	0
0	0	99.955	110.5	0
0	0	101.3	110.5	0
0	0	102.64	110.82	0
0	0	102.95	110.82	0
0	0	103.31	111.17	0
0	0	103.62	111.17	0
0	0	103.62	111.49	0
0	0	103.62	111.84	0
0	0	103.62	112.16	0
0	0	103.31	112.16	0
0	0	102.95	112.48	0
0	0	102.64	112.48	0
0	0	102.64	112.83	0
0	0	102.28	112.83	0
0	0	102.28	113.15	0
0	0	101.97	113.15	0
0	0	101.97	113.5	0
0	0	101.65	113.5	0
0	0	101.65	114.17	0
0	0	101.3	114.49	0
0	0	100.98	114.8	0
0	0	100.63	115.16	0
0	0	100.63	115.47	0
0	0	100.63	115.83	0
0	0	100.63	116.14	0
0	0	100.63	116.5	0
0	0	100.63	116.81	0
0	0	100.63	117.48	0
0	0	100.63	117.8	0
0	0	100.63	118.15	0
0	0	100.63	118.47	0
0	0	100.63	119.14	0
0	0	100.63	119.49	0
0	0	100.63	120.48	0
0	0	100.63	121.47	0
0	0	100.63	122.46	0
0	0	100.63	122.81	0
0	0	100.63	123.13	0
0	0	100.31	123.13	0
0	0	100.31	123.48	0
0	0	100.31	123.8	0
0	0	100.31	124.15	0
0	0	100.31	124.47	0
0	0	100.31	124.79	0
0	0	100.31	125.46	0
0	0	100.31	125.81	0
0	0	100.31	126.48	0
0	0	100.31	126.8	0
0	0	99.955	126.8	0
0	0	99.955	127.15	0
0	0	99.638	130.11	0
0	0	99.32	131.8	0
0	0	99.32	132.44	0
0	0	98.968	132.44	0
0	0	98.968	132.79	0
0	0	98.968	133.11	0
0	0	98.968	133.78	0
0	0	98.968	134.13	0
0	0	98.968	134.77	0
0	0	98.968	135.12	0
0	0	98.968	135.44	0
0	0	98.968	135.79	0
0	0	98.968	136.46	0
0	0	98.968	136.78	0
0	0	98.968	137.13	0
0	0	98.968	137.45	0
0	0	98.968	137.76	0
0	0	98.968	138.12	0
0	0	98.968	139.46	0
0	0	98.968	140.45	0
0	0	98.968	141.12	0
0	0	98.968	141.79	0
0	0	98.968	142.1	0
0	0	98.968	142.42	0
0	0	98.968	142.77	0
0	0	98.968	143.44	0
0	0	98.968	143.76	0
0	0	98.968	144.11	0
0	0	98.968	144.43	0
0	0	99.32	144.43	0
0	0	99.32	144.78	0
0	0	99.638	144.78	0
0	0	99.955	144.78	0
0	0	100.63	144.78	0
0	0	100.98	144.78	0
0	0	101.3	144.78	0
0	0	101.65	144.78	0
0	0	101.97	144.78	0
0	0	102.28	144.78	0
0	0	102.64	144.78	0
0	0	102.95	144.78	0
0	0	103.31	144.78	0
0	0	103.62	144.78	0
0	0	103.98	144.78	0
0	0	104.61	144.78	0
0	0	105.28	144.78	0
0	0	105.63	144.78	0
0	0	105.95	144.78	0
0	0	106.97	144.78	0
0	0	107.61	144.78	0
0	0	108.28	144.78	0
0	0	108.63	144.78	0
0	0	108.95	144.78	0
0	0	109.3	144.78	0
0	0	109.62	144.78	0
0	0	109.94	144.78	0
0	0	110.29	144.78	0
0	0	110.61	144.78	0
0	0	110.96	144.78	0
0	0	111.28	144.78	0
0	0	111.63	144.78	0
0	0	111.95	144.78	0
0	0	112.26	144.78	0
0	0	112.62	144.78	0
0	0	112.93	144.78	0
0	0	113.29	144.78	0
0	0	113.29	144.43	0
0	0	113.29	144.11	0
0	0	113.29	143.76	0
0	0	113.29	143.44	0
0	0	113.6	143.09	0
0	0	113.6	142.77	0
0	0	113.96	142.42	0
0	0	113.96	142.1	0
0	0	113.96	141.79	0
0	0	113.96	141.12	0
0	0	113.96	140.76	0
0	0	113.96	140.45	0
0	0	114.27	140.09	0
0	0	114.27	139.78	0
0	0	114.27	139.46	0
0	0	114.27	139.1	0
0	0	114.27	138.79	0
0	0	114.27	138.43	0
0	0	114.27	138.12	0
0	0	114.27	137.76	0
0	0	114.63	137.76	0
0	0	114.63	137.45	0
0	0	114.63	137.13	0
0	0	114.94	136.11	0
0	0	114.94	135.79	0
0	0	114.94	135.44	0
0	0	115.26	135.12	0
0	0	115.26	134.77	0
0	0	115.26	133.78	0
0	0	115.62	133.11	0
0	0	115.62	132.44	0
0	0	115.62	132.12	0
0	0	115.62	131.45	0
0	0	115.62	131.13	0
0	0	115.62	130.78	0
0	0	115.62	130.11	0
0	0	115.62	129.79	0
0	0	115.62	129.48	0
0	0	115.62	129.12	0
0	0	115.62	128.81	0
0	0	115.93	128.45	0
0	0	115.93	128.14	0
0	0	115.93	127.78	0
0	0	115.93	127.47	0
0	0	116.29	127.15	0
0	0	116.29	125.81	0
0	0	116.6	125.46	0
0	0	116.6	124.79	0
0	0	116.6	124.15	0
0	0	116.6	123.8	0
0	0	116.96	123.13	0
0	0	116.96	122.81	0
0	0	117.27	122.81	0
0	0	117.27	122.46	0
0	0	117.27	122.14	0
0	0	117.27	121.82	0
0	0	117.27	121.47	0
0	0	117.27	120.8	0
0	0	117.27	120.48	0
0	0	117.27	119.81	0
0	0	117.27	118.82	0
0	0	117.27	118.47	0
0	0	117.27	118.15	0
0	0	117.27	117.8	0
0	0	117.27	117.13	0
0	0	117.27	116.81	0
0	0	117.27	116.5	0
0	0	117.27	116.14	0
0	0	117.27	115.83	0
0	0	117.27	115.47	0
0	0	117.59	115.16	0
0	0	117.59	114.49	0
0	0	117.59	114.17	0
0	0	117.59	113.82	0
0	0	117.59	113.5	0
0	0	117.59	113.15	0
0	0	117.94	112.83	0
0	0	117.94	112.48	0
0	0	117.94	112.16	0
0	0	118.26	112.16	0
0	0	118.26	111.84	0
0	0	118.61	111.49	0
0	0	118.93	111.49	0
0	0	119.28	111.49	0
0	0	119.28	111.84	0
0	0	119.28	112.16	0
0	0	119.6	112.48	0
0	0	119.92	112.48	0
0	0	119.92	112.83	0
0	0	120.27	113.15	0
0	0	127.25	121.82	0
0	0	128.91	123.8	0
0	0	129.9	124.47	0
0	0	130.25	124.79	0
0	0	129.58	124.79	0
0	0	129.26	124.79	0
0	0	129.26	125.14	0
0	0	129.58	125.14	0
0	0	129.9	125.14	0
0	0	130.25	125.14	0
0	0	130.57	125.14	0
0	0	130.92	125.14	0
0	0	131.24	125.14	0
0	0	131.59	125.14	0
0	0	131.91	125.14	0
0	0	132.26	125.14	0
0	0	132.58	125.14	0
0	0	132.9	125.14	0
0	0	133.25	125.14	0
0	0	133.57	125.14	0
0	0	133.92	125.14	0
0	0	134.24	125.14	0
0	0	134.59	125.14	0
0	0	134.59	124.79	0
0	0	134.91	124.47	0
0	0	134.91	124.15	0
0	0	134.91	123.8	0
0	0	135.23	123.8	0
0	0	135.23	123.48	0
0	0	135.58	123.48	0
0	0	135.58	123.13	0
0	0	135.58	122.81	0
0	0	135.58	122.46	0
0	0	135.58	122.14	0
0	0	135.58	121.82	0
0	0	135.58	121.47	0
0	0	135.9	120.8	0
0	0	135.9	120.48	0
0	0	135.9	119.14	0
0	0	136.25	118.47	0
0	0	136.25	117.8	0
0	0	136.25	117.13	0
0	0	136.25	116.81	0
0	0	136.57	116.14	0
0	0	136.57	115.83	0
0	0	136.57	115.47	0
0	0	136.57	115.16	0
0	0	136.57	114.8	0
0	0	136.57	114.49	0
0	0	136.57	114.17	0
0	0	136.57	113.82	0
0	0	136.57	113.5	0
0	0	136.57	113.15	0
0	0	136.57	112.83	0
0	0	136.57	112.16	0
0	0	136.57	111.84	0
0	0	136.57	111.49	0
0	0	136.57	111.17	0
0	0	136.57	110.82	0
0	0	136.57	110.5	0
0	0	136.57	110.15	0
0	0	136.57	109.83	0
0	0	136.57	109.51	0
0	0	136.57	109.16	0
0	0	136.57	108.84	0
0	0	136.57	108.49	0
0	0	136.57	108.17	0
0	0	136.57	107.82	0
0	0	136.92	107.82	0
0	0	136.92	107.5	0
0	0	136.92	107.15	0
0	0	136.92	106.83	0
0	0	136.92	106.52	0
0	0	136.92	106.16	0
0	0	137.24	105.85	0
0	0	137.24	105.49	0
0	0	137.55	105.18	0
0	0	137.91	105.18	0
0	0	138.22	105.18	0
0	0	138.58	105.18	0
0	0	138.89	105.18	0
0	0	139.25	105.18	0
0	0	139.56	105.18	0
0	0	139.88	105.18	0
0	0	140.23	105.18	0
0	0	140.55	105.18	0
0	0	140.9	105.18	0
0	0	141.22	105.18	0
0	0	141.89	104.82	0
0	0	142.24	104.82	0
0	0	142.56	104.82	0
0	0	142.88	104.82	0
0	0	143.23	104.82	0
0	0	143.55	104.82	0
0	0	145.21	106.16	0
0	0	145.56	106.52	0
0	0	145.56	106.83	0
0	0	145.56	107.15	0
0	0	145.56	107.5	0
0	0	145.88	107.5	0
0	0	146.23	107.82	0
0	0	146.55	108.17	0
0	0	146.9	108.49	0
0	0	147.22	108.84	0
0	0	147.53	109.16	0
0	0	148.2	109.83	0
0	0	148.87	110.5	0
0	0	149.23	111.17	0
0	0	149.54	111.49	0
0	0	149.9	111.84	0
0	0	150.21	111.84	0
0	0	150.21	112.16	0
0	0	150.53	112.48	0
0	0	150.53	112.83	0
0	0	150.89	113.15	0
0	0	151.2	113.82	0
0	0	151.56	114.17	0
0	0	151.56	114.49	0
0	0	151.87	114.49	0
0	0	151.87	114.8	0
0	0	152.23	115.16	0
0	0	152.54	115.47	0
0	0	152.54	115.83	0
0	0	152.86	115.83	0
0	0	152.86	116.14	0
0	0	153.21	116.14	0
0	0	153.21	116.5	0
0	0	153.88	117.13	0
0	0	154.2	117.8	0
0	0	154.55	118.47	0
0	0	154.55	118.82	0
0	0	154.87	119.14	0
0	0	154.87	119.49	0
0	0	155.19	119.81	0
0	0	155.19	120.13	0
0	0	155.19	120.48	0
0	0	155.54	120.8	0
0	0	155.54	121.15	0
0	0	155.86	121.47	0
0	0	156.21	122.14	0
0	0	156.21	123.13	0
0	0	156.53	123.8	0
0	0	156.88	124.15	0
0	0	156.88	124.47	0
0	0	156.88	124.79	0
0	0	156.88	125.14	0
0	0	156.88	125.46	0
0	0	156.88	125.81	0
0	0	156.88	126.13	0
0	0	157.2	126.13	0
0	0	157.2	126.48	0
0	0	157.2	126.8	0
0	0	157.2	127.15	0
0	0	157.2	127.47	0
0	0	157.2	127.78	0
0	0	157.2	128.14	0
0	0	157.2	128.45	0
0	0	157.2	128.81	0
0	0	157.2	129.12	0
0	0	157.2	129.48	0
0	0	157.2	129.79	0
0	0	157.2	130.11	0
0	0	157.2	130.46	0
0	0	156.88	130.78	0
0	0	156.88	131.13	0
0	0	156.88	131.45	0
0	0	156.53	131.45	0
0	0	156.53	131.8	0
0	0	156.21	131.8	0
0	0	155.86	131.8	0
0	0	155.86	132.12	0
0	0	155.86	132.44	0
0	0	155.54	132.44	0
0	0	155.19	132.44	0
0	0	155.19	132.79	0
0	0	154.87	132.79	0
0	0	154.55	132.79	0
0	0	154.2	132.79	0
0	0	154.2	133.11	0
0	0	153.88	133.11	0
0	0	153.53	133.11	0
0	0	153.21	133.46	0
0	0	152.86	133.46	0
0	0	152.54	133.78	0
0	0	152.54	134.13	0
0	0	152.23	134.13	0
0	0	151.87	134.45	0
0	0	151.56	134.45	0
0	0	151.2	134.77	0
0	0	150.89	135.12	0
0	0	150.53	135.44	0
0	0	150.21	135.44	0
0	0	150.21	135.79	0
0	0	150.21	136.11	0
0	0	150.21	136.46	0
0	0	150.21	136.78	0
0	0	150.21	137.13	0
0	0	150.21	137.45	0
0	0	150.21	137.76	0
0	0	150.21	138.12	0
0	0	150.21	138.43	0
0	0	150.21	138.79	0
0	0	150.21	139.1	0
0	0	150.21	139.46	0
0	0	150.53	139.78	0
0	0	150.89	139.78	0
0	0	151.2	140.09	0
0	0	151.56	140.09	0
0	0	151.87	140.09	0
0	0	152.23	140.09	0
0	0	152.54	140.09	0
0	0	153.21	140.45	0
0	0	153.88	140.76	0
0	0	154.55	141.43	0
0	0	154.87	141.43	0
0	0	154.87	141.79	0
0	0	154.55	141.79	0
0	0	154.2	141.79	0
0	0	154.2	142.1	0
0	0	154.2	142.42	0
0	0	154.2	142.77	0
0	0	154.55	142.77	0
0	0	154.55	143.09	0
0	0	154.87	143.44	0
0	0	155.19	143.44	0
0	0	155.54	143.44	0
0	0	155.54	143.76	0
0	0	155.86	144.43	0
0	0	156.53	144.78	0
0	0	156.88	145.42	0
0	0	156.88	145.77	0
0	0	157.2	145.77	0
0	0	157.2	146.09	0
0	0	157.52	146.44	0
0	0	157.87	146.76	0
0	0	158.19	147.11	0
0	0	158.19	147.43	0
0	0	158.19	147.75	0
0	0	158.54	147.75	0
0	0	158.54	148.1	0
0	0	158.54	148.77	0
0	0	158.86	148.77	0
0	0	159.21	149.09	0
0	0	159.21	149.44	0
0	0	159.21	149.76	0
0	0	159.21	150.07	0
0	0	159.21	150.43	0
0	0	159.21	150.74	0
0	0	159.53	150.74	0
0	0	159.53	151.1	0
0	0	159.53	151.41	0
0	0	159.53	151.77	0
0	0	159.53	152.08	0
0	0	159.53	152.75	0
0	0	159.53	153.42	0
0	0	159.53	153.74	0
0	0	159.53	154.41	0
0	0	159.53	154.76	0
0	0	159.53	155.08	0
0	0	159.53	155.4	0
0	0	159.53	155.75	0
0	0	159.53	156.07	0
0	0	159.21	156.42	0
0	0	158.86	156.42	0
0	0	158.86	156.74	0
0	0	158.54	157.09	0
0	0	158.54	157.73	0
0	0	158.19	157.73	0
0	0	158.19	158.08	0
0	0	158.19	158.4	0
0	0	157.87	158.4	0
0	0	157.87	158.75	0
0	0	157.52	158.75	0
0	0	157.52	159.07	0
0	0	157.2	159.07	0
0	0	156.53	159.07	0
0	0	155.54	159.42	0
0	0	155.19	159.42	0
0	0	154.87	159.74	0
0	0	154.87	160.06	0
0	0	154.55	160.06	0
0	0	154.2	160.06	0
0	0	154.2	160.41	0
0	0	153.88	160.41	0
0	0	153.53	160.41	0
0	0	152.86	160.73	0
0	0	152.23	160.73	0
0	0	151.56	160.73	0
0	0	151.56	161.08	0
0	0	151.2	161.08	0
0	0	150.89	161.08	0
0	0	150.53	161.08	0
0	0	150.21	161.4	0
0	0	149.54	161.4	0
0	0	149.23	161.4	0
0	0	148.56	161.75	0
0	0	146.9	162.07	0
0	0	146.55	162.07	0
0	0	146.23	162.07	0
0	0	145.88	162.07	0
0	0	145.56	162.07	0
0	0	145.21	162.07	0
0	0	144.89	162.07	0
0	0	144.22	162.07	0
0	0	143.55	161.08	0
0	0	143.23	161.08	0
0	0	142.88	161.75	0
0	0	142.56	161.75	0
0	0	142.56	162.07	0
0	0	141.89	162.42	0
0	0	141.57	162.42	0
0	0	141.22	162.74	0
0	0	140.23	163.05	0
0	0	139.56	163.41	0
0	0	139.25	163.41	0
0	0	138.89	163.41	0
0	0	138.58	163.41	0
0	0	138.22	163.41	0
0	0	137.91	163.41	0
0	0	137.55	163.41	0
0	0	137.24	163.41	0
0	0	136.92	163.41	0
0	0	136.57	163.41	0
0	0	136.25	163.41	0
0	0	135.9	163.41	0
0	0	135.58	163.41	0
0	0	135.23	163.05	0
0	0	134.59	163.05	0
0	0	134.24	163.05	0
0	0	133.92	163.05	0
0	0	133.57	163.05	0
0	0	133.25	163.05	0
0	0	132.9	163.05	0
0	0	132.26	163.05	0
0	0	131.91	163.05	0
0	0	131.24	163.05	0
0	0	130.92	163.05	0
0	0	130.25	163.05	0
0	0	128.91	163.05	0
0	0	127.92	163.05	0
0	0	127.57	163.05	0
0	0	126.94	163.05	0
0	0	126.58	163.05	0
0	0	126.27	163.05	0
0	0	124.93	163.05	0
0	0	124.61	163.05	0
0	0	124.26	163.05	0
0	0	123.59	163.05	0
0	0	123.27	163.05	0
0	0	122.6	163.05	0
0	0	122.25	163.05	0
0	0	121.93	163.05	0
0	0	121.61	163.05	0
0	0	121.26	163.05	0
0	0	120.94	163.05	0
0	0	120.59	163.05	0
0	0	119.92	163.05	0
0	0	118.93	163.05	0
0	0	117.59	163.05	0
0	0	117.27	163.05	0
0	0	116.96	163.05	0
0	0	116.29	163.05	0
0	0	115.93	163.05	0
0	0	115.62	163.05	0
0	0	115.26	163.05	0
0	0	114.94	163.05	0
0	0	114.27	163.05	0
0	0	113.96	163.05	0
0	0	113.29	162.74	0
0	0	112.93	162.74	0
0	0	112.62	162.74	0
0	0	112.26	162.74	0
0	0	111.95	162.74	0
0	0	111.63	162.74	0
0	0	111.28	162.74	0
0	0	110.96	162.74	0
0	0	110.61	162.74	0
0	0	110.29	162.74	0
0	0	109.94	162.74	0
0	0	109.3	162.42	0
0	0	108.95	162.42	0
0	0	107.96	162.42	0
0	0	107.29	162.42	0
0	0	106.3	162.42	0
0	0	105.63	162.42	0
0	0	105.28	162.42	0
0	0	104.29	162.42	0
0	0	103.62	162.42	0
0	0	103.31	162.42	0
0	0	102.95	162.42	0
0	0	102.28	162.42	0
0	0	101.97	162.42	0
0	0	101.65	162.42	0
0	0	101.3	162.42	0
0	0	100.98	162.42	0
0	0	100.63	162.42	0
0	0	99.955	162.42	0
0	0	99.638	162.42	0
0	0	99.32	162.42	0
0	0	98.968	162.42	0
0	0	98.65	162.42	0
0	0	98.297	162.42	0
0	0	97.98	162.42	0
0	0	97.31	162.42	0
0	0	96.993	162.42	0
0	0	96.64	162.42	0
0	0	96.322	162.42	0
0	0	95.97	162.42	0
0	0	95.652	162.42	0
0	0	95.3	162.42	0
0	0	94.982	162.42	0
0	0	94.629	162.42	0
0	0	94.312	162.42	0
0	0	93.642	162.42	0
0	0	93.324	162.42	0
0	0	92.302	162.42	0
0	0	92.302	162.74	0
0	0	91.984	162.74	0
0	0	90.997	162.74	0
0	0	90.644	162.74	0
0	0	90.326	162.74	0
0	0	89.974	162.74	0
0	0	89.656	163.05	0
0	0	89.339	163.05	0
0	0	88.986	163.41	0
0	0	88.669	163.41	0
0	0	88.316	163.41	0
0	0	87.999	163.41	0
0	0	87.646	163.41	0
0	0	87.329	163.41	0
0	0	86.658	163.41	0
0	0	85.671	163.41	0
0	0	85.001	163.41	0
0	0	84.013	163.41	0
0	0	83.66	163.41	0
0	0	82.99	163.41	0
0	0	82.673	163.41	0
0	0	82.32	163.05	0
0	0	82.003	163.05	0
0	0	81.685	163.05	0
0	0	80.662	163.05	0
0	0	79.992	163.05	0
0	0	79.358	163.05	0
0	0	79.005	163.05	0
0	0	78.687	163.05	0
0	0	78.335	163.05	0
0	0	78.017	163.05	0
0	0	77.665	163.05	0
0	0	77.347	163.05	0
0	0	76.994	163.05	0
0	0	76.677	163.05	0
0	0	76.36	163.41	0
0	0	75.689	163.41	0
0	0	75.337	163.72	0
0	0	75.019	163.72	0
0	0	74.667	163.72	0
0	0	74.349	163.72	0
0	0	74.032	163.72	0
0	0	73.679	163.72	0
0	0	73.009	163.72	0
0	0	72.691	163.72	0
0	0	72.339	163.72	0
0	0	72.021	163.72	0
0	0	71.704	163.72	0
0	0	71.351	163.41	0
0	0	71.034	163.41	0
0	0	70.681	163.41	0
0	0	70.364	163.41	0
0	0	70.011	163.41	0
0	0	69.694	163.41	0
0	0	69.341	163.41	0
0	0	69.023	163.41	0
0	0	68.706	163.41	0
0	0	68.036	163.41	0
0	0	67.683	163.41	0
0	0	67.366	163.41	0
0	0	66.378	162.74	0
0	0	65.708	162.74	0
0	0	65.355	162.74	0
0	0	64.685	162.74	0
0	0	64.368	162.74	0
0	0	64.05	162.74	0
0	0	63.698	162.74	0
0	0	63.38	162.74	0
0	0	63.027	162.74	0
0	0	61.723	162.74	0
0	0	60.382	162.74	0
0	0	59.712	162.74	0
0	0	58.372	162.74	0
0	0	58.054	162.74	0
0	0	57.702	162.74	0
0	0	57.032	162.74	0
0	0	56.397	162.74	0
0	0	55.727	162.74	0
0	0	55.374	162.74	0
0	0	55.056	162.74	0
0	0	54.704	162.74	0
0	0	54.069	162.74	0
0	0	53.716	162.74	0
0	0	53.399	162.74	0
0	0	53.046	162.74	0
0	0	52.729	162.74	0
0	0	52.376	162.74	0
0	0	51.388	162.74	0
0	0	51.071	162.74	0
0	0	50.718	162.74	0
0	0	50.401	162.74	0
0	0	49.378	162.74	0
0	0	49.061	162.74	0
0	0	48.743	162.74	0
0	0	48.39	162.74	0
0	0	48.073	162.74	0
0	0	47.403	162.74	0
0	0	47.05	162.74	0
0	0	46.415	162.74	0
0	0	46.063	162.74	0
0	0	45.745	162.74	0
0	0	45.392	162.74	0
0	0	45.075	162.74	0
0	0	44.722	162.74	0
0	0	44.405	162.74	0
0	0	44.088	162.74	0
0	0	43.735	163.05	0
0	0	43.065	163.05	0
0	0	42.747	163.41	0
0	0	42.395	163.41	0
0	0	42.077	163.41	0
0	0	41.724	163.41	0
0	0	41.407	163.41	0
0	0	40.737	163.41	0
0	0	40.419	163.41	0
0	0	40.067	163.41	0
0	0	39.749	163.41	0
0	0	39.397	163.41	0
0	0	39.079	163.41	0
0	0	38.762	163.41	0
0	0	38.409	163.41	0
0	0	38.092	163.41	0
0	0	37.739	163.41	0
0	0	37.421	163.41	0
0	0	37.069	163.41	0
0	0	36.751	163.41	0
0	0	36.434	163.41	0
0	0	36.081	163.41	0
0	0	35.764	163.41	0
0	0	35.411	163.41	0
0	0	35.094	163.41	0
0	0	34.741	163.41	0
0	0	34.424	163.41	0
0	0	34.071	163.41	0
0	0	33.753	163.41	0
0	0	33.436	163.41	0
0	0	32.766	163.41	0
0	0	32.413	163.41	0
0	0	32.096	163.41	0
0	0	31.743	163.41	0
0	0	31.426	163.41	0
0	0	31.108	163.41	0
0	0	30.755	163.41	0
0	0	30.438	163.41	0
0	0	30.085	163.41	0
0	0	29.768	163.41	0
0	0	29.415	163.41	0
0	0	29.098	163.41	0
0	0	28.78	163.41	0
0	0	28.428	163.41	0
0	0	28.11	163.41	0
0	0	27.757	163.41	0
0	0	28.11	163.41	0
0	0	28.11	163.05	0
