135.46	56.476	0	0
135.46	56.576	0	0
135.46	56.676	0	0
135.46	56.776	0	0
135.46	56.876	0	0
135.46	56.976	0	0
135.46	57.076	0	0
135.46	57.176	0	0
135.46	57.276	0	0
135.46	57.376	0	0
135.46	57.476	0	0
135.46	57.576	0	0
135.46	57.676	0	0
135.46	57.776	0	0
135.46	57.876	0	0
135.46	57.976	0	0
135.46	58.076	0	0
135.46	58.176	0	0
135.46	58.276	0	0
135.46	58.376	0	0
135.46	58.476	0	0
135.46	58.576	0	0
135.46	58.676	0	0
135.46	58.776	0	0
135.46	58.876	0	0
135.46	58.976	0	0
135.46	59.076	0	0
135.46	59.176	0	0
135.46	59.276	0	0
135.46	59.376	0	0
135.46	59.476	0	0
135.46	59.576	0	0
135.46	59.676	0	0
135.46	59.776	0	0
135.46	59.876	0	0
135.46	59.976	0	0
135.46	60.076	0	0
135.46	60.176	0	0
135.46	60.276	0	0
135.46	60.376	0	0
135.46	60.476	0	0
135.46	60.576	0	0
135.46	60.676	0	0
135.46	60.776	0	0
135.46	60.876	0	0
135.46	60.976	0	0
135.46	61.076	0	0
135.46	61.176	0	0
135.46	61.276	0	0
135.46	61.376	0	0
135.46	61.476	0	0
135.46	61.576	0	0
135.46	61.676	0	0
135.46	61.776	0	0
135.46	61.876	0	0
135.46	61.976	0	0
135.46	62.076	0	0
135.46	62.176	0	0
135.46	62.276	0	0
135.46	62.376	0	0
135.46	62.476	0	0
135.46	62.576	0	0
135.46	62.676	0	0
135.46	62.776	0	0
135.46	62.876	0	0
135.46	62.976	0	0
135.46	63.076	0	0
135.46	63.176	0	0
135.46	63.276	0	0
135.46	63.376	0	0
135.46	63.476	0	0
135.46	63.576	0	0
135.46	63.676	0	0
135.46	63.776	0	0
135.46	63.876	0	0
135.46	63.976	0	0
135.46	64.076	0	0
135.46	64.176	0	0
135.46	64.276	0	0
135.46	64.376	0	0
135.46	64.476	0	0
135.46	64.576	0	0
135.46	64.676	0	0
135.46	64.776	0	0
135.46	64.876	0	0
135.46	64.976	0	0
135.46	65.076	0	0
135.46	65.176	0	0
135.46	65.276	0	0
135.46	65.376	0	0
135.46	65.476	0	0
135.46	65.576	0	0
135.46	65.676	0	0
135.46	65.776	0	0
135.46	65.876	0	0
135.46	65.976	0	0
135.46	66.076	0	0
135.46	66.176	0	0
135.46	66.276	0	0
135.46	66.376	0	0
135.46	66.476	0	0
135.46	66.576	0	0
135.46	66.676	0	0
135.46	66.776	0	0
135.46	66.876	0	0
135.46	66.976	0	0
135.46	67.076	0	0
135.46	67.176	0	0
135.46	67.276	0	0
135.46	67.376	0	0
135.46	67.476	0	0
135.46	67.576	0	0
135.46	67.676	0	0
135.46	67.776	0	0
135.46	67.876	0	0
135.46	67.976	0	0
135.46	68.076	0	0
135.46	68.176	0	0
135.46	68.276	0	0
135.46	68.376	0	0
135.46	68.476	0	0
135.46	68.576	0	0
135.46	68.676	0	0
135.46	68.776	0	0
135.46	68.876	0	0
135.46	68.976	0	0
135.46	69.076	0	0
135.46	69.176	0	0
135.46	69.276	0	0
135.36	69.276	0	0
135.26	69.276	0	0
135.16	69.276	0	0
135.06	69.276	0	0
134.96	69.276	0	0
134.86	69.276	0	0
134.86	69.376	0	0
134.86	69.476	0	0
134.86	69.576	0	0
134.86	69.676	0	0
134.86	69.776	0	0
134.86	69.876	0	0
134.86	69.976	0	0
134.86	70.076	0	0
134.86	70.176	0	0
134.86	70.276	0	0
134.86	70.376	0	0
134.86	70.476	0	0
134.86	70.576	0	0
134.86	70.676	0	0
134.86	70.776	0	0
134.86	70.876	0	0
134.86	70.976	0	0
134.86	71.076	0	0
134.86	71.176	0	0
134.86	71.276	0	0
134.86	71.376	0	0
134.86	71.476	0	0
134.86	71.576	0	0
134.86	71.676	0	0
134.86	71.776	0	0
134.86	71.876	0	0
134.86	71.976	0	0
134.86	72.076	0	0
134.86	72.176	0	0
134.86	72.276	0	0
134.86	72.376	0	0
134.86	72.476	0	0
134.86	72.576	0	0
134.86	72.676	0	0
134.86	72.776	0	0
134.86	72.876	0	0
134.86	72.976	0	0
134.86	73.076	0	0
134.86	73.176	0	0
134.86	73.276	0	0
134.86	73.376	0	0
134.86	73.476	0	0
134.86	73.576	0	0
134.86	73.676	0	0
134.86	73.776	0	0
134.86	73.876	0	0
134.86	73.976	0	0
134.86	74.076	0	0
134.86	74.176	0	0
134.86	74.276	0	0
134.86	74.376	0	0
134.86	74.476	0	0
134.86	74.576	0	0
134.86	74.676	0	0
134.86	74.776	0	0
134.86	74.876	0	0
134.86	74.976	0	0
134.86	75.076	0	0
134.86	75.176	0	0
134.86	75.276	0	0
134.86	75.376	0	0
134.86	75.476	0	0
134.86	75.576	0	0
134.86	75.676	0	0
134.86	75.776	0	0
134.86	75.876	0	0
134.86	75.976	0	0
134.86	76.076	0	0
134.86	76.176	0	0
134.86	76.276	0	0
134.86	76.376	0	0
134.76	76.376	0	0
134.66	76.376	0	0
134.56	76.376	0	0
134.46	76.376	0	0
134.36	76.376	0	0
134.36	76.476	0	0
134.36	76.576	0	0
134.36	76.676	0	0
134.36	76.776	0	0
134.36	76.876	0	0
134.36	76.976	0	0
134.36	77.076	0	0
134.36	77.176	0	0
134.36	77.276	0	0
134.36	77.376	0	0
134.36	77.476	0	0
134.36	77.576	0	0
134.36	77.676	0	0
134.36	77.776	0	0
134.36	77.876	0	0
134.36	77.976	0	0
134.36	78.076	0	0
134.36	78.176	0	0
134.36	78.276	0	0
134.36	78.376	0	0
134.36	78.476	0	0
134.36	78.576	0	0
134.36	78.676	0	0
134.36	78.776	0	0
134.36	78.876	0	0
134.36	78.976	0	0
134.36	79.076	0	0
134.36	79.176	0	0
134.36	79.276	0	0
134.36	79.376	0	0
134.36	79.476	0	0
134.36	79.576	0	0
134.36	79.676	0	0
134.36	79.776	0	0
134.36	79.876	0	0
134.36	79.976	0	0
134.36	80.076	0	0
134.36	80.176	0	0
134.36	80.276	0	0
134.36	80.376	0	0
134.36	80.476	0	0
134.46	80.476	0	0
134.56	80.476	0	0
134.66	80.476	0	0
134.76	80.476	0	0
134.86	80.476	0	0
134.96	80.476	0	0
134.96	80.576	0	0
134.96	80.676	0	0
134.96	80.776	0	0
134.96	80.876	0	0
134.96	80.976	0	0
134.96	81.076	0	0
134.96	81.176	0	0
134.96	81.276	0	0
134.96	81.376	0	0
134.96	81.476	0	0
134.96	81.576	0	0
134.96	81.676	0	0
134.96	81.776	0	0
134.96	81.876	0	0
134.96	81.976	0	0
134.96	82.076	0	0
134.96	82.176	0	0
134.96	82.276	0	0
134.96	82.376	0	0
134.96	82.476	0	0
134.96	82.576	0	0
134.96	82.676	0	0
134.96	82.776	0	0
134.96	82.876	0	0
134.96	82.976	0	0
134.96	83.076	0	0
134.96	83.176	0	0
134.96	83.276	0	0
134.96	83.376	0	0
134.96	83.476	0	0
134.96	83.576	0	0
134.96	83.676	0	0
134.96	83.776	0	0
134.96	83.876	0	0
134.96	83.976	0	0
134.96	84.076	0	0
134.96	84.176	0	0
134.96	84.276	0	0
134.96	84.376	0	0
134.96	84.476	0	0
134.96	84.576	0	0
134.96	84.676	0	0
134.96	84.776	0	0
134.96	84.876	0	0
134.96	84.976	0	0
134.96	85.076	0	0
134.96	85.176	0	0
134.96	85.276	0	0
134.96	85.376	0	0
134.96	85.476	0	0
134.96	85.576	0	0
134.96	85.676	0	0
134.96	85.776	0	0
134.96	85.876	0	0
134.96	85.976	0	0
134.96	86.076	0	0
134.96	86.176	0	0
134.96	86.276	0	0
134.96	86.376	0	0
134.96	86.476	0	0
134.96	86.576	0	0
134.96	86.676	0	0
134.96	86.776	0	0
134.96	86.876	0	0
134.96	86.976	0	0
134.96	87.076	0	0
134.96	87.176	0	0
134.96	87.276	0	0
134.96	87.376	0	0
134.96	87.476	0	0
134.96	87.576	0	0
134.96	87.676	0	0
134.96	87.776	0	0
134.96	87.876	0	0
134.96	87.976	0	0
134.96	88.076	0	0
134.96	88.176	0	0
134.96	88.276	0	0
134.96	88.376	0	0
134.96	88.476	0	0
134.96	88.576	0	0
134.96	88.676	0	0
134.96	88.776	0	0
134.96	88.876	0	0
134.96	88.976	0	0
134.96	89.076	0	0
134.96	89.176	0	0
134.96	89.276	0	0
134.96	89.376	0	0
134.96	89.476	0	0
134.96	89.576	0	0
134.96	89.676	0	0
134.96	89.776	0	0
134.96	89.876	0	0
134.96	89.976	0	0
134.96	90.076	0	0
134.96	90.176	0	0
134.96	90.276	0	0
134.96	90.376	0	0
134.96	90.476	0	0
134.96	90.576	0	0
134.96	90.676	0	0
134.96	90.776	0	0
134.96	90.876	0	0
134.96	90.976	0	0
134.96	91.076	0	0
134.96	91.176	0	0
134.96	91.276	0	0
134.96	91.376	0	0
134.96	91.476	0	0
134.96	91.576	0	0
134.96	91.676	0	0
134.96	91.776	0	0
134.96	91.876	0	0
134.96	91.976	0	0
134.96	92.076	0	0
134.96	92.176	0	0
134.96	92.276	0	0
134.96	92.376	0	0
134.96	92.476	0	0
134.96	92.576	0	0
134.96	92.676	0	0
134.96	92.776	0	0
134.96	92.876	0	0
134.96	92.976	0	0
134.96	93.076	0	0
134.96	93.176	0	0
134.96	93.276	0	0
134.96	93.376	0	0
134.96	93.476	0	0
134.96	93.576	0	0
134.96	93.676	0	0
134.96	93.776	0	0
134.96	93.876	0	0
134.96	93.976	0	0
134.96	94.076	0	0
134.96	94.176	0	0
134.96	94.276	0	0
134.96	94.376	0	0
134.96	94.476	0	0
134.96	94.576	0	0
134.96	94.676	0	0
134.96	94.776	0	0
134.96	94.876	0	0
134.96	94.976	0	0
134.96	95.076	0	0
134.96	95.176	0	0
134.96	95.276	0	0
134.96	95.376	0	0
134.96	95.476	0	0
134.96	95.576	0	0
134.96	95.676	0	0
134.96	95.776	0	0
134.96	95.876	0	0
134.96	95.976	0	0
134.96	96.076	0	0
134.96	96.176	0	0
134.96	96.276	0	0
134.96	96.376	0	0
134.96	96.476	0	0
134.96	96.576	0	0
134.96	96.676	0	0
134.96	96.776	0	0
134.96	96.876	0	0
134.96	96.976	0	0
134.96	97.076	0	0
134.96	97.176	0	0
134.96	97.276	0	0
134.96	97.376	0	0
134.96	97.476	0	0
134.96	97.576	0	0
134.96	97.676	0	0
134.96	97.776	0	0
134.96	97.876	0	0
134.96	97.976	0	0
134.96	98.076	0	0
134.96	98.176	0	0
134.96	98.276	0	0
134.96	98.376	0	0
134.96	98.476	0	0
134.96	98.576	0	0
134.96	98.676	0	0
134.96	98.776	0	0
134.96	98.876	0	0
134.96	98.976	0	0
134.96	99.076	0	0
134.96	99.176	0	0
134.96	99.276	0	0
134.96	99.376	0	0
134.96	99.476	0	0
134.96	99.576	0	0
134.96	99.676	0	0
134.96	99.776	0	0
134.96	99.876	0	0
134.96	99.976	0	0
134.96	100.08	0	0
134.96	100.18	0	0
134.96	100.28	0	0
134.86	100.28	0	0
134.76	100.28	0	0
134.66	100.28	0	0
134.56	100.28	0	0
134.46	100.28	0	0
134.36	100.28	0	0
134.26	100.28	0	0
134.16	100.28	0	0
134.06	100.28	0	0
133.96	100.28	0	0
133.86	100.28	0	0
133.86	100.38	0	0
133.86	100.48	0	0
133.86	100.58	0	0
133.86	100.68	0	0
133.86	100.78	0	0
133.86	100.88	0	0
133.86	100.98	0	0
133.86	101.08	0	0
133.86	101.18	0	0
133.86	101.28	0	0
133.86	101.38	0	0
133.96	101.38	0	0
134.06	101.38	0	0
134.16	101.38	0	0
134.26	101.38	0	0
134.36	101.38	0	0
134.46	101.38	0	0
134.46	101.48	0	0
134.46	101.58	0	0
134.46	101.68	0	0
134.46	101.78	0	0
134.46	101.88	0	0
134.46	101.98	0	0
134.46	102.08	0	0
134.46	102.18	0	0
134.46	102.28	0	0
134.46	102.38	0	0
134.46	102.48	0	0
134.46	102.58	0	0
134.46	102.68	0	0
134.46	102.78	0	0
134.46	102.88	0	0
134.56	102.88	0	0
134.66	102.88	0	0
134.76	102.88	0	0
134.86	102.88	0	0
134.96	102.88	0	0
134.96	102.98	0	0
134.96	103.08	0	0
134.96	103.18	0	0
134.96	103.28	0	0
134.96	103.38	0	0
134.96	103.48	0	0
134.96	103.58	0	0
134.96	103.68	0	0
134.96	103.78	0	0
134.96	103.88	0	0
134.96	103.98	0	0
134.96	104.08	0	0
134.96	104.18	0	0
134.96	104.28	0	0
134.96	104.38	0	0
134.96	104.48	0	0
134.96	104.58	0	0
134.96	104.68	0	0
134.96	104.78	0	0
134.96	104.88	0	0
134.96	104.98	0	0
134.96	105.08	0	0
134.96	105.18	0	0
134.96	105.28	0	0
134.96	105.38	0	0
134.96	105.48	0	0
134.96	105.58	0	0
134.96	105.68	0	0
134.96	105.78	0	0
134.96	105.88	0	0
134.96	105.98	0	0
134.96	106.08	0	0
134.96	106.18	0	0
134.96	106.28	0	0
134.96	106.38	0	0
134.96	106.48	0	0
134.96	106.58	0	0
134.96	106.68	0	0
134.96	106.78	0	0
134.96	106.88	0	0
134.96	106.98	0	0
134.96	107.08	0	0
134.96	107.18	0	0
134.96	107.28	0	0
134.96	107.38	0	0
134.96	107.48	0	0
134.96	107.58	0	0
134.96	107.68	0	0
134.96	107.78	0	0
134.96	107.88	0	0
134.96	107.98	0	0
134.96	108.08	0	0
134.96	108.18	0	0
134.96	108.28	0	0
134.96	108.38	0	0
134.96	108.48	0	0
134.96	108.58	0	0
134.96	108.68	0	0
134.96	108.78	0	0
134.96	108.88	0	0
134.96	108.98	0	0
134.96	109.08	0	0
134.96	109.18	0	0
134.96	109.28	0	0
134.96	109.38	0	0
134.96	109.48	0	0
134.96	109.58	0	0
134.96	109.68	0	0
134.96	109.78	0	0
134.96	109.88	0	0
134.96	109.98	0	0
134.96	110.08	0	0
134.96	110.18	0	0
134.96	110.28	0	0
134.96	110.38	0	0
134.96	110.48	0	0
134.96	110.58	0	0
134.96	110.68	0	0
134.96	110.78	0	0
134.96	110.88	0	0
134.96	110.98	0	0
134.96	111.08	0	0
134.96	111.18	0	0
134.96	111.28	0	0
134.96	111.38	0	0
134.96	111.48	0	0
134.96	111.58	0	0
135.06	111.58	0	0
135.16	111.58	0	0
135.26	111.58	0	0
135.36	111.58	0	0
135.46	111.58	0	0
135.46	111.68	0	0
135.46	111.78	0	0
135.46	111.88	0	0
135.46	111.98	0	0
135.46	112.08	0	0
135.46	112.18	0	0
135.46	112.28	0	0
135.46	112.38	0	0
135.46	112.48	0	0
135.46	112.58	0	0
135.46	112.68	0	0
135.46	112.78	0	0
135.46	112.88	0	0
135.46	112.98	0	0
135.46	113.08	0	0
135.46	113.18	0	0
135.46	113.28	0	0
135.46	113.38	0	0
135.46	113.48	0	0
135.46	113.58	0	0
135.46	113.68	0	0
135.46	113.78	0	0
135.46	113.88	0	0
135.46	113.98	0	0
135.46	114.08	0	0
135.46	114.18	0	0
135.46	114.28	0	0
135.46	114.38	0	0
135.46	114.48	0	0
135.46	114.58	0	0
135.46	114.68	0	0
135.46	114.78	0	0
135.46	114.88	0	0
135.46	114.98	0	0
135.46	115.08	0	0
135.46	115.18	0	0
135.46	115.28	0	0
135.46	115.38	0	0
135.46	115.48	0	0
135.46	115.58	0	0
135.46	115.68	0	0
135.46	115.78	0	0
135.46	115.88	0	0
135.46	115.98	0	0
135.46	116.08	0	0
135.46	116.18	0	0
135.46	116.28	0	0
135.46	116.38	0	0
135.46	116.48	0	0
135.46	116.58	0	0
135.46	116.68	0	0
135.46	116.78	0	0
135.46	116.88	0	0
135.46	116.98	0	0
135.46	117.08	0	0
135.46	117.18	0	0
135.46	117.28	0	0
135.46	117.38	0	0
135.46	117.48	0	0
135.46	117.58	0	0
135.46	117.68	0	0
135.46	117.78	0	0
135.46	117.88	0	0
135.46	117.98	0	0
135.46	118.08	0	0
135.46	118.18	0	0
135.46	118.28	0	0
135.46	118.38	0	0
135.46	118.48	0	0
135.46	118.58	0	0
135.46	118.68	0	0
135.36	118.68	0	0
135.26	118.68	0	0
135.16	118.68	0	0
135.06	118.68	0	0
134.96	118.68	0	0
134.86	118.68	0	0
134.86	118.78	0	0
134.86	118.88	0	0
134.86	118.98	0	0
134.86	119.08	0	0
134.86	119.18	0	0
134.76	119.18	0	0
134.66	119.18	0	0
134.56	119.18	0	0
134.46	119.18	0	0
134.36	119.18	0	0
134.26	119.18	0	0
134.16	119.18	0	0
134.06	119.18	0	0
133.96	119.18	0	0
133.86	119.18	0	0
133.76	119.18	0	0
133.66	119.18	0	0
133.56	119.18	0	0
133.46	119.18	0	0
133.36	119.18	0	0
133.26	119.18	0	0
133.16	119.18	0	0
133.06	119.18	0	0
132.96	119.18	0	0
132.86	119.18	0	0
132.76	119.18	0	0
132.66	119.18	0	0
132.56	119.18	0	0
132.46	119.18	0	0
132.36	119.18	0	0
132.36	119.08	0	0
132.36	118.98	0	0
132.36	118.88	0	0
132.36	118.78	0	0
132.36	118.68	0	0
132.36	118.58	0	0
132.26	118.58	0	0
132.16	118.58	0	0
132.06	118.58	0	0
131.96	118.58	0	0
131.86	118.58	0	0
131.76	118.58	0	0
131.66	118.58	0	0
131.56	118.58	0	0
131.46	118.58	0	0
131.36	118.58	0	0
131.26	118.58	0	0
131.16	118.58	0	0
131.06	118.58	0	0
130.96	118.58	0	0
130.86	118.58	0	0
130.76	118.58	0	0
130.66	118.58	0	0
130.56	118.58	0	0
130.46	118.58	0	0
130.36	118.58	0	0
130.26	118.58	0	0
130.16	118.58	0	0
130.06	118.58	0	0
129.96	118.58	0	0
129.86	118.58	0	0
129.76	118.58	0	0
129.66	118.58	0	0
129.56	118.58	0	0
129.46	118.58	0	0
129.36	118.58	0	0
129.26	118.58	0	0
129.16	118.58	0	0
129.06	118.58	0	0
128.96	118.58	0	0
128.86	118.58	0	0
128.76	118.58	0	0
128.66	118.58	0	0
128.56	118.58	0	0
128.46	118.58	0	0
128.36	118.58	0	0
128.26	118.58	0	0
128.16	118.58	0	0
128.06	118.58	0	0
127.96	118.58	0	0
127.86	118.58	0	0
127.76	118.58	0	0
127.66	118.58	0	0
127.56	118.58	0	0
127.46	118.58	0	0
127.36	118.58	0	0
127.26	118.58	0	0
127.16	118.58	0	0
127.06	118.58	0	0
126.96	118.58	0	0
126.86	118.58	0	0
126.76	118.58	0	0
126.66	118.58	0	0
126.56	118.58	0	0
126.46	118.58	0	0
126.36	118.58	0	0
126.26	118.58	0	0
126.16	118.58	0	0
126.06	118.58	0	0
125.96	118.58	0	0
125.86	118.58	0	0
125.76	118.58	0	0
125.66	118.58	0	0
125.56	118.58	0	0
125.46	118.58	0	0
125.36	118.58	0	0
125.26	118.58	0	0
125.26	118.68	0	0
125.26	118.78	0	0
125.26	118.88	0	0
125.26	118.98	0	0
125.26	119.08	0	0
125.26	119.18	0	0
125.16	119.18	0	0
125.06	119.18	0	0
124.96	119.18	0	0
124.86	119.18	0	0
124.76	119.18	0	0
124.66	119.18	0	0
124.56	119.18	0	0
124.46	119.18	0	0
124.36	119.18	0	0
124.26	119.18	0	0
124.16	119.18	0	0
124.06	119.18	0	0
123.96	119.18	0	0
123.86	119.18	0	0
123.76	119.18	0	0
123.66	119.18	0	0
123.56	119.18	0	0
123.46	119.18	0	0
123.36	119.18	0	0
123.26	119.18	0	0
123.16	119.18	0	0
123.06	119.18	0	0
122.96	119.18	0	0
122.86	119.18	0	0
122.76	119.18	0	0
122.66	119.18	0	0
122.56	119.18	0	0
122.46	119.18	0	0
122.36	119.18	0	0
122.26	119.18	0	0
122.16	119.18	0	0
122.16	119.28	0	0
122.16	119.38	0	0
122.16	119.48	0	0
122.16	119.58	0	0
122.16	119.68	0	0
122.06	119.68	0	0
121.96	119.68	0	0
121.86	119.68	0	0
121.76	119.68	0	0
121.66	119.68	0	0
121.56	119.68	0	0
121.46	119.68	0	0
121.36	119.68	0	0
121.26	119.68	0	0
121.16	119.68	0	0
121.06	119.68	0	0
120.96	119.68	0	0
120.86	119.68	0	0
120.76	119.68	0	0
120.66	119.68	0	0
120.56	119.68	0	0
120.46	119.68	0	0
120.36	119.68	0	0
120.26	119.68	0	0
120.16	119.68	0	0
120.06	119.68	0	0
119.96	119.68	0	0
119.86	119.68	0	0
119.76	119.68	0	0
119.66	119.68	0	0
119.56	119.68	0	0
119.46	119.68	0	0
119.36	119.68	0	0
119.26	119.68	0	0
119.16	119.68	0	0
119.06	119.68	0	0
118.96	119.68	0	0
118.86	119.68	0	0
118.76	119.68	0	0
118.66	119.68	0	0
118.56	119.68	0	0
118.46	119.68	0	0
118.36	119.68	0	0
118.26	119.68	0	0
118.16	119.68	0	0
118.06	119.68	0	0
117.96	119.68	0	0
117.86	119.68	0	0
117.76	119.68	0	0
117.66	119.68	0	0
117.56	119.68	0	0
117.46	119.68	0	0
117.36	119.68	0	0
117.26	119.68	0	0
117.16	119.68	0	0
117.06	119.68	0	0
116.96	119.68	0	0
116.86	119.68	0	0
116.76	119.68	0	0
116.66	119.68	0	0
116.56	119.68	0	0
116.46	119.68	0	0
116.36	119.68	0	0
116.26	119.68	0	0
116.16	119.68	0	0
116.06	119.68	0	0
115.96	119.68	0	0
115.86	119.68	0	0
115.76	119.68	0	0
115.66	119.68	0	0
115.56	119.68	0	0
115.46	119.68	0	0
115.36	119.68	0	0
115.26	119.68	0	0
115.16	119.68	0	0
115.06	119.68	0	0
114.96	119.68	0	0
114.86	119.68	0	0
114.76	119.68	0	0
114.66	119.68	0	0
114.56	119.68	0	0
114.46	119.68	0	0
114.36	119.68	0	0
114.26	119.68	0	0
114.16	119.68	0	0
114.06	119.68	0	0
113.96	119.68	0	0
113.86	119.68	0	0
113.76	119.68	0	0
113.66	119.68	0	0
113.56	119.68	0	0
113.46	119.68	0	0
113.36	119.68	0	0
113.26	119.68	0	0
113.16	119.68	0	0
113.06	119.68	0	0
112.96	119.68	0	0
112.86	119.68	0	0
112.76	119.68	0	0
112.66	119.68	0	0
112.56	119.68	0	0
112.46	119.68	0	0
112.36	119.68	0	0
112.26	119.68	0	0
112.16	119.68	0	0
112.06	119.68	0	0
111.96	119.68	0	0
111.86	119.68	0	0
111.76	119.68	0	0
111.66	119.68	0	0
111.56	119.68	0	0
111.46	119.68	0	0
111.36	119.68	0	0
111.26	119.68	0	0
111.16	119.68	0	0
111.06	119.68	0	0
110.96	119.68	0	0
110.86	119.68	0	0
110.76	119.68	0	0
110.66	119.68	0	0
110.56	119.68	0	0
110.46	119.68	0	0
110.36	119.68	0	0
110.26	119.68	0	0
110.16	119.68	0	0
110.06	119.68	0	0
109.96	119.68	0	0
109.86	119.68	0	0
109.76	119.68	0	0
109.66	119.68	0	0
109.56	119.68	0	0
109.46	119.68	0	0
109.36	119.68	0	0
109.26	119.68	0	0
109.16	119.68	0	0
109.06	119.68	0	0
108.96	119.68	0	0
108.86	119.68	0	0
108.76	119.68	0	0
108.66	119.68	0	0
108.56	119.68	0	0
108.46	119.68	0	0
108.36	119.68	0	0
108.26	119.68	0	0
108.16	119.68	0	0
108.06	119.68	0	0
107.96	119.68	0	0
107.86	119.68	0	0
107.76	119.68	0	0
107.66	119.68	0	0
107.56	119.68	0	0
107.46	119.68	0	0
107.36	119.68	0	0
107.26	119.68	0	0
107.16	119.68	0	0
107.06	119.68	0	0
106.96	119.68	0	0
106.86	119.68	0	0
106.76	119.68	0	0
106.66	119.68	0	0
106.56	119.68	0	0
106.46	119.68	0	0
106.36	119.68	0	0
106.26	119.68	0	0
106.16	119.68	0	0
106.06	119.68	0	0
105.96	119.68	0	0
105.86	119.68	0	0
105.76	119.68	0	0
105.66	119.68	0	0
105.56	119.68	0	0
105.46	119.68	0	0
105.36	119.68	0	0
105.26	119.68	0	0
105.16	119.68	0	0
105.06	119.68	0	0
104.96	119.68	0	0
104.86	119.68	0	0
104.76	119.68	0	0
104.66	119.68	0	0
104.56	119.68	0	0
104.46	119.68	0	0
104.36	119.68	0	0
104.26	119.68	0	0
104.16	119.68	0	0
104.06	119.68	0	0
103.96	119.68	0	0
103.86	119.68	0	0
103.76	119.68	0	0
103.66	119.68	0	0
103.56	119.68	0	0
103.46	119.68	0	0
103.36	119.68	0	0
103.26	119.68	0	0
103.16	119.68	0	0
103.06	119.68	0	0
102.96	119.68	0	0
102.86	119.68	0	0
102.76	119.68	0	0
102.66	119.68	0	0
102.56	119.68	0	0
102.46	119.68	0	0
102.36	119.68	0	0
102.26	119.68	0	0
102.16	119.68	0	0
102.06	119.68	0	0
101.96	119.68	0	0
101.86	119.68	0	0
101.76	119.68	0	0
101.66	119.68	0	0
101.56	119.68	0	0
101.46	119.68	0	0
101.36	119.68	0	0
101.26	119.68	0	0
101.16	119.68	0	0
101.06	119.68	0	0
100.96	119.68	0	0
100.86	119.68	0	0
100.76	119.68	0	0
100.66	119.68	0	0
100.56	119.68	0	0
100.46	119.68	0	0
100.36	119.68	0	0
100.26	119.68	0	0
100.16	119.68	0	0
100.06	119.68	0	0
99.958	119.68	0	0
99.858	119.68	0	0
99.758	119.68	0	0
99.658	119.68	0	0
99.558	119.68	0	0
99.458	119.68	0	0
99.358	119.68	0	0
99.258	119.68	0	0
99.158	119.68	0	0
99.058	119.68	0	0
98.958	119.68	0	0
98.858	119.68	0	0
98.758	119.68	0	0
98.658	119.68	0	0
98.558	119.68	0	0
98.458	119.68	0	0
98.358	119.68	0	0
98.258	119.68	0	0
98.158	119.68	0	0
98.058	119.68	0	0
97.958	119.68	0	0
97.858	119.68	0	0
97.758	119.68	0	0
97.658	119.68	0	0
97.558	119.68	0	0
97.458	119.68	0	0
97.358	119.68	0	0
97.258	119.68	0	0
97.158	119.68	0	0
97.058	119.68	0	0
96.958	119.68	0	0
96.858	119.68	0	0
96.758	119.68	0	0
96.658	119.68	0	0
96.658	119.58	0	0
96.658	119.48	0	0
96.658	119.38	0	0
96.658	119.28	0	0
96.658	119.18	0	0
96.658	119.08	0	0
96.558	119.08	0	0
96.458	119.08	0	0
96.358	119.08	0	0
96.258	119.08	0	0
96.158	119.08	0	0
96.058	119.08	0	0
95.958	119.08	0	0
95.858	119.08	0	0
95.758	119.08	0	0
95.658	119.08	0	0
95.558	119.08	0	0
95.458	119.08	0	0
95.358	119.08	0	0
95.258	119.08	0	0
95.158	119.08	0	0
95.058	119.08	0	0
94.958	119.08	0	0
94.858	119.08	0	0
94.758	119.08	0	0
94.658	119.08	0	0
94.558	119.08	0	0
94.458	119.08	0	0
94.358	119.08	0	0
94.258	119.08	0	0
94.158	119.08	0	0
94.058	119.08	0	0
93.958	119.08	0	0
93.858	119.08	0	0
93.758	119.08	0	0
93.658	119.08	0	0
93.558	119.08	0	0
93.458	119.08	0	0
93.358	119.08	0	0
93.258	119.08	0	0
93.158	119.08	0	0
93.058	119.08	0	0
92.958	119.08	0	0
92.858	119.08	0	0
92.758	119.08	0	0
92.658	119.08	0	0
92.558	119.08	0	0
92.458	119.08	0	0
92.358	119.08	0	0
92.258	119.08	0	0
92.158	119.08	0	0
92.058	119.08	0	0
92.058	118.98	0	0
92.058	118.88	0	0
92.058	118.78	0	0
92.058	118.68	0	0
92.058	118.58	0	0
91.958	118.58	0	0
91.858	118.58	0	0
91.758	118.58	0	0
91.658	118.58	0	0
91.558	118.58	0	0
91.458	118.58	0	0
91.358	118.58	0	0
91.258	118.58	0	0
91.158	118.58	0	0
91.058	118.58	0	0
90.958	118.58	0	0
90.858	118.58	0	0
90.758	118.58	0	0
90.658	118.58	0	0
90.558	118.58	0	0
90.458	118.58	0	0
90.358	118.58	0	0
90.258	118.58	0	0
90.158	118.58	0	0
90.058	118.58	0	0
89.958	118.58	0	0
89.858	118.58	0	0
89.758	118.58	0	0
89.658	118.58	0	0
89.558	118.58	0	0
89.458	118.58	0	0
89.358	118.58	0	0
89.258	118.58	0	0
89.158	118.58	0	0
89.058	118.58	0	0
88.958	118.58	0	0
88.858	118.58	0	0
88.758	118.58	0	0
88.658	118.58	0	0
88.558	118.58	0	0
88.458	118.58	0	0
88.358	118.58	0	0
88.258	118.58	0	0
88.158	118.58	0	0
88.058	118.58	0	0
87.958	118.58	0	0
87.858	118.58	0	0
87.758	118.58	0	0
87.658	118.58	0	0
87.558	118.58	0	0
87.458	118.58	0	0
87.358	118.58	0	0
87.258	118.58	0	0
87.158	118.58	0	0
87.058	118.58	0	0
86.958	118.58	0	0
86.858	118.58	0	0
86.758	118.58	0	0
86.658	118.58	0	0
86.558	118.58	0	0
86.458	118.58	0	0
86.358	118.58	0	0
86.258	118.58	0	0
86.158	118.58	0	0
86.058	118.58	0	0
85.958	118.58	0	0
85.858	118.58	0	0
85.758	118.58	0	0
85.658	118.58	0	0
85.558	118.58	0	0
85.458	118.58	0	0
85.358	118.58	0	0
85.258	118.58	0	0
85.158	118.58	0	0
85.058	118.58	0	0
84.958	118.58	0	0
84.858	118.58	0	0
84.758	118.58	0	0
84.658	118.58	0	0
84.558	118.58	0	0
84.458	118.58	0	0
84.358	118.58	0	0
84.258	118.58	0	0
84.158	118.58	0	0
84.058	118.58	0	0
83.958	118.58	0	0
83.858	118.58	0	0
83.758	118.58	0	0
83.658	118.58	0	0
83.558	118.58	0	0
83.458	118.58	0	0
83.358	118.58	0	0
83.258	118.58	0	0
83.158	118.58	0	0
83.058	118.58	0	0
82.958	118.58	0	0
82.858	118.58	0	0
82.758	118.58	0	0
82.658	118.58	0	0
82.558	118.58	0	0
82.458	118.58	0	0
82.358	118.58	0	0
82.258	118.58	0	0
82.158	118.58	0	0
82.058	118.58	0	0
81.958	118.58	0	0
81.858	118.58	0	0
81.758	118.58	0	0
81.658	118.58	0	0
81.558	118.58	0	0
81.458	118.58	0	0
81.358	118.58	0	0
81.258	118.58	0	0
81.158	118.58	0	0
81.058	118.58	0	0
80.958	118.58	0	0
80.858	118.58	0	0
80.758	118.58	0	0
80.658	118.58	0	0
80.558	118.58	0	0
80.458	118.58	0	0
80.358	118.58	0	0
80.258	118.58	0	0
80.158	118.58	0	0
80.058	118.58	0	0
79.958	118.58	0	0
79.858	118.58	0	0
79.758	118.58	0	0
79.658	118.58	0	0
79.558	118.58	0	0
79.458	118.58	0	0
79.358	118.58	0	0
79.258	118.58	0	0
79.158	118.58	0	0
79.058	118.58	0	0
78.958	118.58	0	0
78.858	118.58	0	0
78.758	118.58	0	0
78.658	118.58	0	0
78.558	118.58	0	0
78.458	118.58	0	0
78.358	118.58	0	0
78.258	118.58	0	0
78.158	118.58	0	0
78.058	118.58	0	0
77.958	118.58	0	0
77.858	118.58	0	0
77.758	118.58	0	0
77.658	118.58	0	0
77.558	118.58	0	0
77.458	118.58	0	0
77.358	118.58	0	0
77.258	118.58	0	0
77.158	118.58	0	0
77.058	118.58	0	0
76.958	118.58	0	0
76.858	118.58	0	0
76.758	118.58	0	0
76.658	118.58	0	0
76.558	118.58	0	0
76.458	118.58	0	0
76.358	118.58	0	0
76.258	118.58	0	0
76.158	118.58	0	0
76.058	118.58	0	0
75.958	118.58	0	0
75.858	118.58	0	0
75.758	118.58	0	0
75.658	118.58	0	0
75.558	118.58	0	0
75.458	118.58	0	0
75.358	118.58	0	0
75.358	118.68	0	0
75.358	118.78	0	0
75.358	118.88	0	0
75.358	118.98	0	0
75.358	119.08	0	0
75.358	119.18	0	0
75.358	119.28	0	0
75.358	119.38	0	0
75.358	119.48	0	0
75.358	119.58	0	0
75.358	119.68	0	0
75.358	119.78	0	0
75.358	119.88	0	0
75.358	119.98	0	0
75.358	120.08	0	0
75.358	120.18	0	0
75.358	120.28	0	0
75.358	120.38	0	0
75.358	120.48	0	0
75.358	120.58	0	0
75.358	120.68	0	0
75.358	120.78	0	0
75.358	120.88	0	0
75.358	120.98	0	0
75.358	121.08	0	0
75.358	121.18	0	0
75.358	121.28	0	0
75.358	121.38	0	0
75.358	121.48	0	0
75.358	121.58	0	0
75.358	121.68	0	0
75.358	121.78	0	0
75.358	121.88	0	0
75.358	121.98	0	0
75.358	122.08	0	0
75.358	122.18	0	0
75.358	122.28	0	0
75.358	122.38	0	0
75.358	122.48	0	0
75.358	122.58	0	0
75.358	122.68	0	0
75.358	122.78	0	0
75.358	122.88	0	0
75.358	122.98	0	0
75.358	123.08	0	0
75.358	123.18	0	0
75.358	123.28	0	0
75.358	123.38	0	0
75.358	123.48	0	0
75.358	123.58	0	0
75.358	123.68	0	0
75.358	123.78	0	0
75.358	123.88	0	0
75.358	123.98	0	0
75.358	124.08	0	0
75.358	124.18	0	0
75.358	124.28	0	0
75.358	124.38	0	0
75.358	124.48	0	0
75.358	124.58	0	0
75.358	124.68	0	0
75.358	124.78	0	0
75.358	124.88	0	0
75.358	124.98	0	0
75.358	125.08	0	0
75.358	125.18	0	0
75.358	125.28	0	0
75.358	125.38	0	0
75.358	125.48	0	0
75.358	125.58	0	0
75.358	125.68	0	0
75.358	125.78	0	0
75.358	125.88	0	0
75.358	125.98	0	0
75.358	126.08	0	0
75.358	126.18	0	0
75.358	126.28	0	0
75.358	126.38	0	0
75.358	126.48	0	0
75.358	126.58	0	0
75.358	126.68	0	0
75.358	126.78	0	0
75.358	126.88	0	0
75.358	126.98	0	0
75.358	127.08	0	0
75.358	127.18	0	0
75.358	127.28	0	0
75.358	127.38	0	0
75.358	127.48	0	0
75.358	127.58	0	0
75.358	127.68	0	0
75.358	127.78	0	0
75.358	127.88	0	0
75.358	127.98	0	0
75.358	128.08	0	0
75.358	128.18	0	0
75.358	128.28	0	0
75.358	128.38	0	0
75.258	128.38	0	0
75.158	128.38	0	0
75.058	128.38	0	0
74.958	128.38	0	0
74.858	128.38	0	0
74.758	128.38	0	0
74.758	128.48	0	0
74.758	128.58	0	0
74.758	128.68	0	0
74.758	128.78	0	0
74.758	128.88	0	0
74.758	128.98	0	0
74.758	129.08	0	0
74.758	129.18	0	0
74.758	129.28	0	0
74.758	129.38	0	0
74.758	129.48	0	0
74.758	129.58	0	0
74.758	129.68	0	0
74.758	129.78	0	0
74.758	129.88	0	0
74.758	129.98	0	0
74.758	130.08	0	0
74.758	130.18	0	0
74.758	130.28	0	0
74.758	130.38	0	0
74.758	130.48	0	0
74.758	130.58	0	0
74.758	130.68	0	0
74.758	130.78	0	0
74.758	130.88	0	0
74.658	130.88	0	0
74.558	130.88	0	0
74.458	130.88	0	0
74.358	130.88	0	0
74.258	130.88	0	0
74.258	130.98	0	0
74.258	131.08	0	0
74.258	131.18	0	0
74.258	131.28	0	0
74.258	131.38	0	0
74.258	131.48	0	0
74.258	131.58	0	0
74.258	131.68	0	0
74.258	131.78	0	0
74.258	131.88	0	0
74.258	131.98	0	0
74.258	132.08	0	0
74.258	132.18	0	0
74.258	132.28	0	0
74.258	132.38	0	0
74.258	132.48	0	0
74.258	132.58	0	0
74.258	132.68	0	0
74.258	132.78	0	0
74.258	132.88	0	0
74.258	132.98	0	0
74.258	133.08	0	0
74.258	133.18	0	0
74.258	133.28	0	0
74.258	133.38	0	0
74.258	133.48	0	0
74.258	133.58	0	0
74.258	133.68	0	0
74.258	133.78	0	0
74.258	133.88	0	0
74.258	133.98	0	0
74.258	134.08	0	0
74.258	134.18	0	0
74.258	134.28	0	0
74.258	134.38	0	0
74.258	134.48	0	0
74.258	134.58	0	0
74.258	134.68	0	0
74.258	134.78	0	0
74.258	134.88	0	0
74.258	134.98	0	0
74.258	135.08	0	0
74.258	135.18	0	0
74.258	135.28	0	0
74.258	135.38	0	0
74.258	135.48	0	0
74.258	135.58	0	0
74.258	135.68	0	0
74.258	135.78	0	0
74.258	135.88	0	0
74.258	135.98	0	0
74.258	136.08	0	0
74.258	136.18	0	0
74.258	136.28	0	0
74.258	136.38	0	0
74.258	136.48	0	0
74.258	136.58	0	0
74.258	136.68	0	0
74.258	136.78	0	0
74.258	136.88	0	0
74.258	136.98	0	0
74.258	137.08	0	0
74.258	137.18	0	0
74.258	137.28	0	0
74.258	137.38	0	0
74.258	137.48	0	0
74.258	137.58	0	0
74.258	137.68	0	0
74.258	137.78	0	0
74.258	137.88	0	0
74.258	137.98	0	0
74.258	138.08	0	0
74.258	138.18	0	0
74.258	138.28	0	0
74.258	138.38	0	0
74.258	138.48	0	0
74.258	138.58	0	0
74.258	138.68	0	0
74.258	138.78	0	0
74.258	138.88	0	0
74.258	138.98	0	0
74.258	139.08	0	0
74.258	139.18	0	0
74.258	139.28	0	0
74.258	139.38	0	0
74.258	139.48	0	0
74.258	139.58	0	0
74.258	139.68	0	0
74.258	139.78	0	0
74.258	139.88	0	0
74.258	139.98	0	0
74.258	140.08	0	0
74.258	140.18	0	0
74.258	140.28	0	0
74.258	140.38	0	0
74.258	140.48	0	0
74.258	140.58	0	0
74.258	140.68	0	0
74.258	140.78	0	0
74.258	140.88	0	0
74.258	140.98	0	0
74.258	141.08	0	0
74.258	141.18	0	0
74.258	141.28	0	0
74.258	141.38	0	0
74.258	141.48	0	0
74.258	141.58	0	0
74.258	141.68	0	0
74.258	141.78	0	0
74.258	141.88	0	0
74.258	141.98	0	0
74.258	142.08	0	0
74.258	142.18	0	0
74.258	142.28	0	0
74.258	142.38	0	0
74.258	142.48	0	0
74.258	142.58	0	0
74.258	142.68	0	0
74.258	142.78	0	0
74.258	142.88	0	0
74.258	142.98	0	0
74.258	143.08	0	0
74.258	143.18	0	0
74.258	143.28	0	0
74.258	143.38	0	0
74.258	143.48	0	0
74.258	143.58	0	0
74.258	143.68	0	0
74.258	143.78	0	0
74.258	143.88	0	0
74.258	143.98	0	0
74.258	144.08	0	0
74.258	144.18	0	0
74.258	144.28	0	0
74.258	144.38	0	0
74.258	144.48	0	0
74.258	144.58	0	0
74.258	144.68	0	0
74.258	144.78	0	0
74.258	144.88	0	0
74.258	144.98	0	0
74.258	145.08	0	0
74.258	145.18	0	0
74.258	145.28	0	0
74.258	145.38	0	0
74.258	145.48	0	0
74.258	145.58	0	0
74.258	145.68	0	0
74.358	145.68	0	0
74.458	145.68	0	0
74.558	145.68	0	0
74.658	145.68	0	0
74.758	145.68	0	0
74.858	145.68	0	0
74.858	145.78	0	0
74.858	145.88	0	0
74.858	145.98	0	0
74.858	146.08	0	0
74.858	146.18	0	0
74.858	146.28	0	0
74.858	146.38	0	0
74.858	146.48	0	0
74.858	146.58	0	0
74.858	146.68	0	0
74.858	146.78	0	0
74.858	146.88	0	0
74.858	146.98	0	0
74.858	147.08	0	0
74.858	147.18	0	0
74.958	147.18	0	0
75.058	147.18	0	0
75.158	147.18	0	0
75.258	147.18	0	0
75.358	147.18	0	0
75.458	147.18	0	0
75.458	147.28	0	0
75.458	147.38	0	0
75.458	147.48	0	0
75.458	147.58	0	0
75.458	147.68	0	0
75.458	147.78	0	0
75.458	147.88	0	0
75.458	147.98	0	0
75.458	148.08	0	0
75.458	148.18	0	0
75.458	148.28	0	0
75.458	148.38	0	0
75.458	148.48	0	0
75.458	148.58	0	0
75.458	148.68	0	0
75.558	148.68	0	0
75.658	148.68	0	0
75.758	148.68	0	0
75.858	148.68	0	0
75.858	148.78	0	0
75.858	148.88	0	0
75.858	148.98	0	0
75.858	149.08	0	0
75.858	149.18	0	0
75.858	149.28	0	0
75.858	149.38	0	0
75.858	149.48	0	0
75.858	149.58	0	0
75.858	149.68	0	0
75.758	149.68	0	0
75.658	149.68	0	0
75.558	149.68	0	0
75.458	149.68	0	0
75.358	149.68	0	0
